  7.0940508e-001
 -9.4770866e-001
  1.1298834e+000
 -1.4680090e+000
  1.1147134e+000
 -1.1375885e+000
  5.4953258e-001
 -1.0104300e+000
  6.9251040e-001
 -1.3769163e+000
  7.0549417e-001
 -1.3534851e+000
  6.8907217e-001
 -1.4573476e+000
  1.1351979e+000
 -1.2181331e+000
  1.0385967e+000
 -8.0483696e-001
  9.9911601e-001
 -9.6419894e-001
  9.4518317e-001
 -1.3760677e+000
  9.9035729e-001
 -6.4700184e-001
  1.3739274e+000
 -1.2297057e+000
  7.0846136e-001
 -9.3502043e-001
  1.1403118e+000
 -1.0829710e+000
  7.0597552e-001
 -5.5206688e-001
  5.8207121e-001
 -1.3942906e+000
  6.4204112e-001
 -1.3335396e+000
  1.1209586e+000
 -9.2629024e-001
  5.5207789e-001
 -5.6879862e-001
  1.2286617e+000
 -7.6215835e-001
  5.6340450e-001
 -6.3955944e-001
  1.4344051e+000
 -5.1560169e-001
  1.3589388e+000
 -7.1444101e-001
  1.0133774e+000
  0.0000000e+000
