-1.0817707e+000
 -2.0502519e+000
  2.4508710e+000
  5.3894090e-001
  9.1355103e-001
 -4.8887519e-001
  3.6852082e-001
 -5.7074071e-001
 -8.2573092e-001
  1.6129757e+000
  4.5567195e-001
 -6.7265594e-001
 -5.2679449e-001
 -1.1344715e+000
 -4.2155342e-001
 -7.6821718e-001
  1.6665402e+000
  1.8744642e-002
 -6.9649711e-001
  1.0380887e-002
 -6.9605213e-001
 -4.9289150e-001
  8.4692728e-001
  1.3039102e+000
 -1.4771218e+000
 -4.4731474e-001
 -4.4350975e-001
 -1.5004554e+000
 -1.1408059e+000
 -2.9242411e-001
  7.4988406e-001
 -5.2066105e-001
  1.1787165e+000
 -7.9179247e-001
  1.3990400e-001
 -4.9043871e-001
  1.1471533e+000
  5.7631726e-002
 -2.2583423e-001
 -9.6984718e-001
 -2.7920732e-001
 -1.6881410e+000
  7.5195758e-001
  9.9210622e-001
 -8.1453788e-001
  1.5630625e+000
 -6.8055967e-002
  7.9808449e-001
  7.4833715e-001
  9.6840618e-001
 -1.1272115e+000
  8.7258823e-001
  5.6104814e-001
 -2.1167701e+000
  2.8605491e-001
 -9.6600496e-001
  4.9439689e-001
 -7.7210912e-001
  2.7471218e-001
  7.0598930e-001
  2.1628463e+000
  1.7499553e+000
  5.5662100e-001
 -5.0700694e-001
  7.2381895e-001
  1.0130124e+000
  9.3537921e-001
  8.2628371e-004
  3.0272526e-002
 -7.5551015e-001
  1.0446820e+000
  6.4000499e-002
  3.4817233e-001
 -1.8833259e-001
  1.4333287e+000
 -2.8643863e-001
  1.1991547e+000
 -1.2099252e+000
  2.4098535e+000
 -1.0194833e-001
 -1.6462768e+000
  1.1037733e+000
  2.0806934e+000
 -5.5473213e-001
  1.5704032e+000
  9.7676356e-001
 -8.3412807e-001
  5.2168555e-001
  9.2850669e-001
  1.2057833e+000
 -1.6646124e+000
 -2.5142099e-003
  6.9487913e-001
  3.1912911e+000
  1.1912109e+000
 -1.7971127e+000
 -4.1951127e-001
  1.1081831e+000
  6.9290716e-001
 -7.1224128e-001
  1.4650220e+000
 -3.1267812e-001
  7.2565876e-001
  1.5313006e+000
 -6.2307462e-001
 -2.2658249e-001
  6.5658058e-001
 -4.4831230e-001
  1.0008972e+000
  9.5012678e-001
  5.4931827e-001
  1.7291675e-001
  9.5583316e-001
  4.7195312e-001
 -2.5421003e-001
 -2.6311563e-001
  8.4925965e-001
  9.5035426e-005
  7.9609714e-001
  4.9769189e-001
  1.4576863e+000
 -7.4329962e-001
 -1.1990767e+000
 -9.4890036e-001
 -3.6015700e-001
  1.3454289e+000
  1.1358973e+000
 -7.0917061e-001
  2.1416078e+000
  1.0469437e-001
 -7.3189431e-001
 -4.7795565e-001
 -4.7572900e-001
 -4.0942345e-002
 -1.1806251e+000
  7.2422169e-001
  1.0723757e+000
 -6.5170687e-001
  1.0589139e+000
  1.1476506e+000
  1.0915076e+000
 -1.8872724e+000
  6.4265329e-001
  7.6330943e-001
 -1.2032059e-001
 -4.1244486e-001
 -4.5851175e-001
 -1.0192794e+000
 -1.6823078e+000
  1.6895773e-001
  4.1954866e-001
 -2.0168355e-001
 -6.6079976e-001
  2.1399210e-001
 -4.0936180e-001
 -1.1917927e+000
 -2.8555346e-001
 -8.9039232e-001
 -3.0511993e-001
 -2.2471919e+000
 -8.5211620e-001
 -5.9847319e-002
  1.1732649e+000
 -8.7069888e-001
  8.5943835e-001
  1.4225134e-001
 -1.2940578e-001
 -5.8872356e-001
 -3.8003310e-001
 -8.9685912e-002
 -1.1904724e+000
 -4.3162409e-001
  2.2806953e+000
  1.9127620e+000
 -1.1917028e+000
  1.3794059e+000
  6.0815684e-001
  2.0734769e+000
 -5.4924907e-001
 -9.1663492e-001
 -6.0417414e-001
 -4.1784866e-001
  5.2450289e-001
  3.3945220e-001
  3.1988713e-001
 -1.7827342e-001
 -9.6484961e-001
  6.3759475e-001
  4.5921713e-001
 -3.8005957e-001
 -5.0054498e-002
  3.4822093e-001
 -2.9264957e-001
  1.2519694e+000
  2.0651585e+000
  2.0208516e+000
  7.0364018e-001
  2.0520108e+000
  1.0203982e+000
  5.5522789e-001
  3.1973995e-002
 -2.5714570e-001
 -5.7725476e-001
  6.7040504e-001
 -1.5305670e+000
  9.3487690e-002
  9.6839501e-002
  1.5424521e+000
  4.7927186e-001
  1.3925093e+000
  2.0496886e-002
 -3.0920714e-001
 -4.9701629e-001
  2.3813235e+000
 -3.0620710e-001
 -3.5778033e-001
 -1.8794143e-001
  1.4994546e+000
  9.8536525e-001
  8.9381181e-001
 -1.2418404e-001
  2.9446662e-001
 -1.5724895e-001
 -3.6046230e-001
  1.8469356e+000
 -2.1414796e+000
  1.9616574e-001
 -4.8959446e-001
 -2.2732726e+000
  1.1290887e+000
 -1.4465283e+000
 -1.2063775e+000
  9.5409820e-002
  3.6156331e-001
  2.8318572e-001
 -6.2879034e-001
 -1.2198014e+000
  6.2664650e-002
 -1.0758340e+000
 -1.4019709e+000
 -6.6586158e-001
  8.5150245e-001
 -9.6209403e-001
  1.6025173e+000
 -7.7626274e-001
 -1.0143571e+000
 -1.5247843e+000
  1.4538411e-001
  5.0685729e-001
 -2.4261204e-001
  2.2368155e+000
  1.4335225e-002
 -3.3396171e-001
  4.7195856e-001
  8.6353924e-001
  3.9659309e-001
 -2.4566715e+000
 -3.4397704e-001
 -1.0813488e+000
  3.7781878e-001
  9.5052879e-001
  1.7223476e+000
 -2.5369652e-001
  1.6562495e-001
 -1.6064820e-001
 -1.3115017e+000
 -4.7643054e-001
 -2.1692979e+000
  1.0084698e+000
  1.2089047e+000
 -7.5167560e-001
  1.4683364e-001
  7.9211143e-001
 -5.1325557e-001
 -8.2132397e-001
  1.2630574e-001
 -3.6095769e-001
 -3.0518383e-001
 -3.7369559e-001
  3.3986859e-001
  3.2634398e-001
  8.3910558e-001
  2.8500871e-001
  1.0308269e+000
  7.0443437e-001
 -3.1529019e-001
  3.3240868e-001
  9.3868366e-001
  8.0664270e-002
 -6.4970396e-001
 -1.2192727e+000
  1.6690831e-001
  1.1882467e+000
  1.7107684e-001
  2.9049609e-002
  6.7973393e-001
  9.4293115e-001
 -8.4027891e-001
  6.6501288e-001
  6.9772932e-002
  1.2677060e+000
 -4.2207570e-001
 -4.3183933e-001
  1.1436216e+000
 -5.0263226e-001
 -2.4289738e-001
  2.5803594e-001
 -6.1727916e-001
  1.0415673e-001
 -1.3308444e-001
  4.2438177e-001
 -3.7170749e-001
  4.9268305e-001
  1.4677997e-001
  1.5408803e+000
  1.0736515e+000
  1.9106896e+000
 -1.5260215e+000
 -7.7436844e-001
  1.0281441e+000
  3.3309462e-001
  1.3865079e+000
  3.9809966e-001
 -2.3041068e+000
 -7.4589773e-001
  2.7119558e-001
 -5.4739294e-001
 -4.9555550e-002
 -2.3324049e-001
  1.1101483e+000
 -4.5255643e-001
 -1.7642389e-001
  1.1139220e+000
 -1.5527652e+000
 -1.0328073e-001
 -2.5969630e-001
 -2.9607807e-001
 -6.5859337e-002
  1.0873297e+000
 -1.5846061e+000
 -6.3683935e-001
 -8.3914175e-001
 -1.4995277e+000
 -1.2766840e+000
  1.1453554e+000
  7.1620794e-001
  1.0666604e+000
  2.1225802e-001
 -2.1190074e+000
  4.0331036e-001
 -2.3517564e+000
 -3.6619139e-001
  1.7117077e+000
 -1.2475229e+000
  7.1067745e-001
  6.1115714e-001
 -1.0219182e+000
  2.5015304e-001
  2.2013187e+000
 -1.0238770e+000
  1.7455877e+000
  1.3944447e+000
  1.6926289e+000
  1.3028534e+000
 -1.1896082e+000
 -3.1816877e-001
 -6.4911722e-002
 -7.6035512e-001
 -1.2171047e-001
  4.9842719e-001
 -1.1749899e+000
  5.5639896e-001
  3.7563516e-001
  1.2663071e+000
 -1.7708648e+000
 -4.9695297e-001
  1.5771633e-001
  1.0214552e+000
  1.9667907e-001
  2.0597361e+000
 -1.1453190e-001
 -1.9601430e+000
  3.0783700e-001
 -3.4943543e-001
  1.8131925e+000
 -2.6244857e-001
  7.6191377e-001
  7.0043320e-002
  1.0548773e+000
 -9.0490500e-001
 -9.9632735e-001
 -2.0691728e-001
 -9.0867387e-001
  6.6627117e-001
 -1.5169947e+000
 -8.0111392e-001
 -1.2794375e-003
  2.5318985e-001
  1.1896339e+000
  1.1529764e+000
 -3.6281720e-002
 -3.8171248e-001
  3.8969418e-001
  1.5941747e-001
  4.0150298e-001
 -1.3150699e+000
  1.5617699e+000
 -2.0990834e-001
  3.3209502e-001
  1.7210309e-001
  6.7560608e-001
 -1.8299209e+000
  1.0898295e+000
 -7.0370448e-001
 -1.3720470e-001
 -1.3513061e+000
 -3.6670046e-001
  1.0952642e+000
 -2.6864341e-001
  1.0666911e+000
 -7.9450747e-001
 -5.6471143e-001
  1.5385652e+000
  8.6477403e-001
 -1.1064668e+000
  4.0866692e-001
  1.4538745e+000
  1.9830885e+000
 -2.3704485e-001
 -1.4078458e+000
  1.3846126e+000
  1.2230626e-001
  4.4365586e-001
 -8.2419516e-001
  8.6329913e-001
  1.9300910e-001
  2.0401101e-001
  1.5827518e-001
 -7.8757161e-001
 -1.2990068e+000
  7.9766575e-001
  3.1276113e-001
  6.0578255e-001
  8.4615274e-001
  7.3440585e-001
  6.8901549e-001
  6.8208051e-001
 -1.1128722e+000
  2.8507212e-001
 -8.0218166e-001
  6.8228830e-001
 -1.6672062e+000
 -1.6341476e+000
 -4.0598715e-001
 -3.1055271e-001
  1.0756835e-001
 -3.6176622e-001
  7.9755742e-001
 -3.3122187e-001
  4.9369325e-001
  3.6684924e-001
  1.0066818e+000
  3.1360548e-001
  3.8527367e-001
 -2.5772596e-001
  5.3453601e-001
 -6.1236414e-001
 -1.2726049e-001
 -7.1161069e-001
  1.2621602e-001
  1.4418381e-002
 -9.6445905e-001
  6.3906431e-001
  8.8737899e-001
 -3.4174871e-001
 -1.1040543e+000
  2.7636860e-002
  2.0440207e+000
  2.2658810e-001
 -8.9746006e-002
 -5.0375570e-001
 -1.1675323e+000
  1.4896520e+000
 -1.9281830e-002
 -1.1494850e+000
  1.0025473e+000
  8.9724659e-002
  3.5987576e-001
  4.9079326e-001
  4.3779776e-001
  3.2329725e-001
 -5.4814940e-001
 -7.7333597e-001
  5.3520415e-001
  9.5969827e-002
 -3.2722911e-001
 -8.6724855e-001
 -8.0969789e-003
 -4.0138194e-001
 -1.6988516e+000
  1.0116769e+000
  2.2980577e-001
  1.5191449e+000
  1.5951384e+000
 -8.2005808e-001
 -6.5937257e-001
  1.0048083e-001
  5.2474052e-001
 -1.4096341e+000
 -7.7729465e-001
  1.3164255e+000
 -3.9323529e-001
  1.1116369e+000
 -8.6057323e-001
  1.2132506e+000
  2.8300112e-001
 -1.0758071e+000
 -3.1148735e-001
 -1.0126855e+000
 -5.9667644e-001
 -2.6034374e-001
 -1.2663336e-001
 -5.6923434e-001
  6.1111920e-001
  1.4855168e+000
 -1.7136584e+000
  2.6111260e-001
  1.2096848e+000
 -1.0627925e+000
 -4.5419757e-001
 -7.1640441e-002
 -3.9323951e-001
 -1.0746917e+000
 -6.6745529e-001
  1.3709606e-001
  1.4502336e+000
  2.4132590e-001
 -8.7504208e-001
  6.5751535e-001
 -4.3919765e-001
  8.4671742e-001
  1.3601314e+000
  3.7129388e-001
 -2.1278950e+000
  6.9495807e-001
 -1.2972887e+000
 -1.0851363e+000
  5.6315560e-001
  3.2844029e-001
  9.9501765e-001
  4.5070305e-001
 -4.4991250e-001
 -1.4874545e-001
 -8.6863985e-001
  2.4402612e+000
  2.0661053e+000
 -8.6006631e-001
 -1.0287748e-001
 -7.4581565e-001
 -8.6735627e-001
 -1.6361538e-001
  2.8770441e-001
  4.0647473e-001
 -3.3470960e-001
 -8.8079895e-001
  1.4255422e-001
  4.6325237e-001
 -3.6392454e-001
  1.5429563e+000
  1.3105882e+000
 -5.8237243e-001
 -4.1674755e-001
  1.3347558e+000
  4.6290340e-001
  1.1502465e+000
 -7.0844680e-001
  4.3398783e-001
 -1.7237925e+000
 -1.3140499e-001
 -9.8202946e-001
 -2.7533335e-001
  1.3657498e+000
 -1.3067953e+000
  1.1741024e+000
  2.1159745e-001
 -6.1810490e-001
 -7.0424760e-001
  3.1771661e-001
  4.7245534e-001
  1.8726354e+000
 -2.3650202e+000
 -5.4590470e-001
 -9.4201742e-001
 -9.9691997e-001
  4.4361824e-001
 -6.1866587e-001
 -9.7977194e-001
 -8.3508429e-001
  1.0765462e+000
 -5.2242799e-002
 -1.5459744e-001
  3.9370530e-001
 -1.0637919e+000
  1.2479760e+000
  4.2556857e-001
 -4.2262739e-001
 -1.4673426e+000
 -1.4147736e-001
 -2.6723746e+000
 -9.8221352e-001
 -9.6880088e-001
  1.4488948e+000
 -7.6691879e-001
  9.0977633e-001
  8.2024058e-001
  2.8583946e-001
 -9.5754947e-001
  2.8274981e-001
 -1.5554472e+000
 -7.1094331e-001
 -1.4354113e+000
 -1.0971550e+000
  7.1439931e-002
  1.3150268e+000
  1.1417940e+000
 -9.2525628e-001
  9.5599405e-001
  2.3886743e-001
 -3.0922288e-001
  7.4209172e-002
 -1.3787403e+000
  4.1348411e-001
  6.5319128e-001
  1.3082136e+000
 -2.0060409e-001
  1.0837798e+000
 -8.3790328e-001
 -1.0963247e+000
 -7.6454907e-002
  3.3400399e-001
  4.1843470e-002
 -5.7639546e-001
  1.0429641e+000
  1.0428463e+000
 -1.2974414e+000
  1.1131778e+000
  4.4351444e-001
 -2.3540271e+000
 -4.0120923e-001
 -9.5297420e-001
  1.8536089e-001
  5.2481645e-001
  6.5344555e-002
  4.8969458e-001
 -5.5829318e-001
  7.6951569e-002
 -7.9047463e-001
 -5.9165876e-001
 -2.5944582e-001
  7.4380080e-001
  5.0765356e-001
  1.0445298e+000
 -6.2281791e-001
 -5.4604579e-001
  1.1140434e+000
 -9.0948891e-001
 -2.9400876e-001
 -3.1220281e-001
 -1.8590187e-001
 -9.1838121e-001
 -1.4044921e+000
 -7.7256925e-001
 -1.9513470e-001
 -5.6419562e-001
  1.3262785e+000
  9.5619007e-002
  2.8835279e-001
  8.0782160e-001
 -1.0261594e+000
 -1.2368974e+000
  1.2471178e+000
  3.1883608e-001
 -5.2508052e-001
 -8.0530347e-001
 -1.2291813e+000
 -1.2090087e+000
 -1.2105946e+000
  6.8083263e-001
  5.2024968e-001
  5.5759190e-003
 -9.1092522e-001
  6.0642211e-001
 -1.2918455e-001
 -4.0889063e-001
  8.2438253e-001
  2.3805964e-001
 -6.5890208e-002
 -3.1552986e-001
  1.9145817e+000
  5.5967766e-001
 -1.4686868e-001
 -1.5204006e+000
 -1.3067068e+000
 -2.8069243e-001
 -1.7431582e-001
  7.9560927e-001
 -9.2251603e-001
  9.6532311e-001
 -2.0069174e+000
 -8.7195376e-001
  5.4791388e-001
 -4.0436292e-001
 -6.2952585e-001
  3.6200232e-002
 -6.9174164e-001
 -5.3635887e-001
  1.2673937e+000
  1.5806309e+000
  2.4563599e-001
  2.7923073e+000
  1.7417080e+000
 -4.0961350e-001
 -7.4757140e-001
  2.1172664e+000
 -1.3442795e-001
  2.6282555e-001
  1.2510131e-001
  1.0506372e+000
 -3.8316031e-001
 -1.2329536e+000
  3.6812709e-001
 -1.1077710e+000
 -1.1891022e+000
  6.0922349e-002
 -1.0385944e+000
 -4.4311023e-001
 -5.1141501e-001
  1.0262746e+000
  7.1850200e-001
  3.2259189e-001
 -1.3294996e+000
  5.4432743e-001
  1.7256320e-002
 -1.5346798e+000
  9.2782091e-001
 -5.8650303e-001
 -1.7120911e+000
  1.7184732e-001
  8.4338816e-001
  2.1265714e-001
  1.6006978e-001
 -7.1762689e-001
 -8.4549275e-001
  1.1968461e+000
  5.5785466e-001
  6.2772099e-001
  7.5146700e-001
  9.3015656e-002
 -7.5030087e-002
 -1.1948446e+000
  1.5440324e+000
 -1.0579168e+000
  2.1355959e+000
 -2.1135238e-001
  2.1980618e+000
  1.2880359e+000
  7.7679957e-001
 -3.2660764e-001
  6.4603849e-001
  2.9277014e-002
 -8.4137670e-001
  8.5188992e-001
 -4.5372345e-001
 -4.4963245e-001
 -2.6004515e+000
  5.1253613e-001
 -1.4384077e+000
 -6.6162578e-002
  1.1899068e+000
 -5.9632481e-001
 -1.2073111e-001
 -7.6337905e-001
 -1.7235895e+000
 -2.0129096e-001
  1.8431279e-001
 -1.5931285e-001
  1.5704165e+000
  7.9655407e-001
  1.8766110e+000
 -9.8620008e-001
 -1.6210470e+000
  5.3171647e-001
  6.7740360e-001
 -7.3508453e-002
  2.2211418e+000
 -6.9092904e-001
 -2.2066768e+000
 -6.8154825e-001
  3.3807549e-001
 -1.3676935e+000
  1.9338683e+000
 -1.8558608e+000
  7.8278436e-002
 -4.8246005e-001
 -4.1032835e-001
 -3.9345795e-001
  8.6286516e-001
  1.2785693e-001
  5.7093143e-001
  8.8105268e-001
 -1.2797511e+000
  3.6034840e+000
 -1.0416666e+000
  8.2047832e-001
 -3.0794848e-001
 -6.7458928e-001
 -2.4077650e+000
 -1.1218791e+000
 -9.2722139e-001
  6.1350666e-001
  2.7488009e-001
  6.2919157e-001
  1.3049530e-002
  3.1559740e-001
 -1.0362189e+000
 -7.3342759e-002
 -1.8284561e+000
  2.6827475e-001
 -2.3175174e-001
  6.3496942e-001
 -2.6384857e-001
  1.0280388e+000
  1.9077363e+000
  5.7854542e-001
 -5.3126857e-001
  8.4250841e-001
  6.0434661e-001
 -2.7690895e+000
 -7.7260458e-001
  5.6173311e-001
  6.8090360e-001
  1.3439774e+000
 -1.2715998e+000
 -6.9148176e-001
 -1.1706821e-002
  8.8950560e-001
 -6.0416908e-001
  1.0412945e-001
  8.7430850e-001
  9.4602718e-001
 -5.4345934e-002
  1.7592428e+000
 -3.7431196e-001
 -7.1954873e-001
 -4.2958330e-001
  2.2108593e-001
  6.3943624e-001
 -1.2055555e+000
  8.5413672e-001
 -7.3144735e-001
 -4.1087399e-001
 -1.6323056e-001
  1.5022347e+000
  3.3515791e-001
 -5.6866077e-001
  9.4204239e-001
 -4.1426947e-001
 -1.1591313e+000
 -1.4187045e+000
  2.2627727e+000
  1.1854841e+000
  1.0351445e+000
  1.5756259e-002
 -9.8791847e-001
  3.8374909e-001
  1.2028803e+000
  1.9722225e+000
  1.9142972e+000
 -1.0189350e+000
  3.0424897e+000
  6.2616443e-001
  6.3987906e-001
 -4.5839942e-001
 -8.1447584e-001
 -7.2229139e-001
  3.8569330e-001
  9.8884673e-002
 -6.7646704e-001
 -1.3154712e-001
  1.0571839e+000
  3.1774573e-002
 -1.6345138e+000
 -1.4924157e-002
  1.7360726e+000
  1.6500966e+000
 -8.5188036e-001
 -1.4918479e-001
 -4.0025418e-001
  1.2503754e+000
  7.9469810e-001
  1.1033650e+000
 -1.9888333e-001
  7.1213397e-002
 -5.2821468e-001
 -8.6881511e-001
  9.7067437e-001
  3.3225245e-001
 -1.1772290e+000
  7.7790643e-001
  1.4017872e+000
  2.0948268e+000
 -6.4280753e-001
 -2.1203478e-001
  5.0201951e-001
  1.0579386e+000
  2.0659325e+000
 -2.8070507e-003
  1.0215260e+000
  1.7202636e+000
 -6.8071421e-001
  1.4624216e-001
 -1.0799187e-001
 -6.8407976e-001
 -2.3856895e-001
  1.2814783e+000
 -6.8449045e-001
  9.5910169e-001
  4.2764768e-001
  2.3437134e-001
  2.5182676e-001
  9.5262454e-001
 -1.1328907e+000
 -7.1589532e-001
 -1.9841750e+000
 -9.5226594e-001
 -2.5603007e+000
 -9.4549118e-001
  2.9249205e-001
 -3.2414681e+000
 -2.1748657e-001
 -4.9711032e-001
 -2.4362403e-001
  5.2705256e-001
  1.9732859e-001
  1.2539144e+000
 -2.0027599e+000
 -9.5873062e-001
 -6.6219071e-001
 -1.9805434e+000
  1.0494535e+000
  1.2297364e+000
 -2.7588959e-001
  2.9496302e-001
  9.2535872e-001
 -6.3669655e-002
  1.5167213e+000
 -1.8081311e+000
 -1.2903048e-001
  2.2019869e+000
  2.7438783e+000
 -1.3960677e+000
  1.3006351e+000
  1.6640158e-001
 -7.0824854e-001
 -1.7311425e+000
 -6.8509299e-001
 -1.1301739e+000
  1.1493512e+000
  1.0574268e+000
 -2.2970879e+000
  2.6353293e-001
 -2.1405740e-001
 -4.0867054e-002
 -5.1795184e-001
  1.7015262e+000
 -2.2125592e-001
 -5.3082235e-001
 -4.2659863e-001
  1.6660925e-001
 -3.1426742e-001
 -1.0652732e+000
 -3.6329791e-001
 -5.2093660e-002
  3.2161152e-001
 -6.4898651e-001
  1.2922598e+000
  2.1729605e-001
 -1.0189023e+000
 -1.5835213e+000
 -7.5787751e-002
 -1.6292604e+000
  2.2483238e-001
  2.0642803e-001
  1.9985865e-001
 -1.0889673e+000
  7.3965749e-001
 -1.5846009e-001
  4.5235462e-002
 -1.3327927e+000
 -1.1691092e+000
  1.6824997e-001
 -3.4347479e+000
 -8.2560269e-001
  3.7508264e-001
 -1.6756967e-001
  1.4962018e-002
  7.7389715e-001
  2.7749428e-001
 -2.0980521e+000
  3.9332337e-001
  4.9982135e-001
 -6.1618572e-001
 -1.2270206e-002
  1.4927681e+000
  2.3497484e-001
  1.6190954e-002
  2.0289827e+000
 -8.5799695e-002
 -1.2980956e+000
  2.1628833e-001
 -3.8907922e-001
 -4.9668652e-001
 -2.2116110e-001
 -1.5459541e+000
 -7.8826119e-001
 -6.9782611e-001
  5.3867814e-002
  3.8292901e-001
 -7.5657997e-001
 -1.2447378e+000
 -9.0099180e-001
 -1.1149299e+000
 -6.6282128e-001
 -1.0418828e+000
 -6.6625695e-001
  2.1298262e-001
 -1.2153592e+000
 -6.4529728e-001
  1.0656648e+000
 -1.5157881e-001
  8.8367086e-001
  8.6779404e-001
  6.1405519e-001
 -6.1602185e-001
  1.0661027e+000
 -8.2171990e-001
 -1.0293977e+000
  1.0347859e-001
  4.7560086e-001
  1.2726508e+000
  1.6451624e+000
  8.1996519e-001
  1.5466008e+000
  6.9842778e-001
  8.2269312e-001
  1.1852283e+000
  4.8931595e-001
  7.3442436e-001
 -7.5335353e-001
 -1.2320032e+000
  1.1433386e+000
  1.0018889e+000
  3.7962859e-002
  3.3953738e-001
  1.6565213e-001
 -1.7245405e+000
 -2.9576940e-002
  2.6819044e-001
 -8.4676613e-001
 -4.7263236e-001
 -1.4359765e+000
  1.3249726e-002
 -6.6209791e-002
  8.4730556e-001
  4.7000116e-001
 -1.4543193e+000
  1.1019237e+000
 -3.0473402e-001
  1.5177789e+000
  6.3683557e-001
  3.6574399e-001
  9.9892930e-001
  1.8723277e+000
 -6.2327776e-001
 -3.5762424e-001
 -2.4995610e-002
 -1.6371874e-001
  2.9274865e-002
  9.2330446e-002
 -4.2671095e-001
 -6.1979728e-001
  7.1361064e-001
 -7.6078508e-001
  9.4747597e-001
 -1.5005785e-001
  1.3354645e+000
  1.3903745e+000
 -1.0749950e+000
  4.0910390e-001
 -5.3995135e-001
 -5.5849739e-001
 -7.8142683e-001
  5.2317210e-001
  1.0110825e+000
 -1.6691647e+000
  1.6201068e+000
 -7.2738934e-001
 -8.1317248e-001
 -5.8126097e-001
 -2.9793586e-001
  1.6545565e-001
  1.0412016e+000
 -9.1382018e-001
 -8.6477190e-002
  1.7559930e+000
 -1.3171695e-003
  1.3569781e+000
 -7.2615039e-001
 -1.9801293e-001
 -2.4343673e+000
  8.2487037e-001
 -8.7683957e-002
  2.5084993e-001
  1.3678962e+000
 -1.0790178e+000
  2.0280745e+000
  1.9774651e-002
  7.0057885e-001
  7.1187623e-001
 -8.0610838e-001
  1.2630520e+000
 -4.9619885e-002
 -2.5331824e-002
 -3.4900507e-002
  2.7283794e-002
  2.3122518e+000
 -2.2378193e-001
 -1.1708562e+000
 -2.7359989e+000
 -5.7256572e-001
 -4.4250300e-001
 -2.3030167e-001
  1.2747224e+000
  1.7169146e-001
  5.5092022e-001
 -1.6558361e+000
  1.5462916e+000
  4.7294673e-001
  7.6597053e-001
  3.1941785e-001
  7.7194201e-001
 -8.5026725e-001
  6.9228818e-001
 -1.1680204e+000
  2.5898038e-001
  1.3926726e+000
  2.1828982e-002
  1.0783096e+000
 -4.0274786e-001
 -1.5027741e+000
  8.5024282e-003
 -2.0546827e-001
  1.8667491e+000
  1.3497185e+000
  4.0814346e-001
 -3.2401464e-001
 -1.4918037e+000
 -1.4672187e+000
  4.0359252e-001
  1.4946804e+000
 -7.3083693e-001
 -4.5557962e-001
  5.8254250e-001
 -1.0578043e+000
 -1.8834620e-001
  8.9761635e-001
 -4.4793906e-001
 -1.7819304e+000
  6.1411000e-001
  4.1042199e-001
  1.2835204e+000
 -1.4050941e+000
  4.5810934e-001
  1.3521219e-001
 -3.5387603e-001
  1.3732846e+000
 -4.6977658e-001
 -5.4611632e-001
  9.3105981e-001
  9.9392376e-001
 -2.7768473e+000
  4.0072719e-001
  1.3209555e+000
  8.1903261e-001
 -9.9601434e-001
 -7.9706799e-001
 -8.1132353e-001
 -6.0741917e-001
  1.8353065e+000
 -3.9111503e-001
  2.3508664e+000
 -1.2889082e+000
  2.1066922e-001
  1.1046002e+000
  7.7961002e-001
  1.3792751e+000
  8.4428891e-001
 -3.6388107e-001
  3.0774366e-002
  8.6500935e-001
 -8.5030130e-001
  2.2093296e+000
  4.4103266e-001
  8.0918814e-001
 -7.0013437e-001
 -1.2757976e+000
 -2.8199812e-001
 -1.9127540e+000
  5.6091991e-001
  2.7565735e-002
  1.0182421e+000
  1.4943641e+000
  1.4521643e-001
 -4.5555805e-002
 -1.0675380e+000
  1.0397900e+000
 -4.1883495e-001
  4.7731071e-001
  6.5905182e-001
 -4.8089245e-001
 -4.5879464e-001
 -1.7010582e+000
  6.5481256e-001
 -6.0394535e-001
  8.4655497e-001
  1.3789637e+000
 -3.9018514e-001
  2.1784751e-001
 -5.9528521e-001
  6.8224682e-001
 -2.4953499e+000
 -1.3003150e-001
 -9.0523458e-001
  1.5175643e-001
  1.3566486e+000
  4.7239598e-001
  1.1759602e+000
  6.7308973e-001
 -5.7862588e-001
  6.4929973e-001
 -1.7838683e+000
  1.4170194e+000
  7.0300066e-001
 -2.3006374e-002
 -1.0757759e+000
 -3.5770480e-001
 -3.2958014e-001
 -1.1297468e+000
 -6.1898861e-001
 -2.0078672e-001
 -8.2323942e-002
  4.4988647e-001
 -1.0723783e-001
 -9.8906888e-001
 -5.6999049e-001
  4.5985324e-001
 -4.7040197e-001
  1.4813980e-001
 -1.1428257e+000
 -1.0326925e-001
  2.3957059e+000
  8.1836952e-001
  1.4010055e+000
 -4.3459411e-001
 -1.5792600e+000
  1.9054734e+000
  3.2039312e-001
 -1.0791211e+000
 -7.0957744e-001
 -5.9548354e-001
 -1.5149600e+000
 -1.1890139e+000
  1.8669909e+000
 -2.8013010e+000
 -5.0899671e-001
 -8.2537993e-002
  8.0756836e-001
  1.0588751e+000
 -1.6163721e+000
  1.9338660e-001
 -3.7162761e-001
 -1.0340342e+000
 -1.7122771e-001
 -1.1796020e+000
 -6.0153271e-001
 -2.4441621e+000
 -5.3756027e-001
 -1.6144013e-001
  3.9121862e-001
  7.3153466e-001
 -2.9574054e-001
 -1.9947313e-002
 -2.7917026e-001
  7.5442490e-002
  1.2242571e-001
  4.9389044e-001
  8.6745638e-001
 -3.2268512e-002
  1.2179751e+000
  7.0436564e-001
 -3.3940705e-001
  6.1951861e-001
  1.3865891e+000
  1.3815394e+000
 -1.8674001e-001
  2.1873846e-001
  1.6886441e-001
  9.5798869e-001
 -1.5081103e+000
 -4.0026356e-001
 -1.3760633e+000
  7.7953835e-001
 -8.8377953e-002
  2.7213580e-002
 -1.4940475e+000
 -8.3714411e-001
 -1.0941233e+000
 -3.7851972e-001
 -9.2359825e-001
 -1.8480181e-001
 -6.6953269e-001
 -2.1299278e-001
  2.4485906e-001
  7.9103605e-001
 -1.2469485e+000
  3.2856671e-001
 -8.5650114e-001
  8.9701111e-002
  1.5199360e+000
 -1.4284447e-001
  5.8127882e-001
  1.1839098e+000
  1.5507210e+000
 -1.2939949e+000
 -1.5835877e+000
 -1.4907249e+000
 -5.7326263e-001
  1.6922727e-001
 -4.2257730e-001
 -1.3384146e+000
 -8.7254156e-001
  8.1721708e-001
 -1.3488469e-001
  5.2150305e-001
  1.0776970e+000
  1.7399993e+000
 -7.3291515e-001
  8.1637674e-001
 -1.2284219e+000
 -2.1779561e-001
 -2.1178601e+000
 -4.1202183e-001
 -1.0742811e+000
 -7.3346351e-001
 -3.5233308e-001
  1.5133982e-001
 -3.0950920e-001
 -1.2479951e+000
 -2.3827075e+000
  3.3033778e-001
 -1.1602968e-001
 -1.7361408e+000
 -4.7711321e-001
  8.9777455e-001
  1.5168653e+000
 -1.4044998e+000
  6.9071434e-001
  4.3880900e-002
  3.2445504e-001
 -2.2243087e-001
 -3.2058508e-001
  8.1726666e-002
 -4.8971812e-001
  1.8872577e+000
 -4.3178683e-001
  7.6279325e-001
 -1.0045080e-001
 -1.3748133e+000
 -2.0491256e+000
 -7.0991939e-001
 -4.4467578e-001
  2.7519015e-001
  4.0357298e-001
  2.1579841e+000
 -2.5307518e-001
  2.6641961e-001
 -4.4426978e-001
 -9.6256435e-001
 -1.6514725e+000
  3.8240169e-001
 -2.5223915e-001
 -5.6609839e-001
 -6.5219161e-001
  1.1828681e+000
  1.1923915e-001
 -8.0280180e-001
  1.8907660e-001
 -1.9080996e+000
  1.1151418e+000
 -6.4333419e-001
 -1.6033591e+000
 -2.0828690e-001
  2.1422380e+000
  2.5322560e+000
  7.7865383e-001
  6.8958260e-001
 -4.2754335e-001
  1.0948476e+000
  5.5393813e-001
 -1.1667861e-001
  6.3158829e-001
 -1.4223267e+000
 -1.2891972e+000
  3.4968701e-001
 -1.2052558e+000
 -1.1179673e+000
  1.0104858e+000
 -2.2579974e-001
  6.6637750e-001
  1.2200720e+000
 -6.2610652e-001
  8.9364235e-001
  3.7432845e-001
  2.0486175e+000
 -2.5238660e+000
 -1.9686725e-001
  1.3460756e-001
  1.3482096e+000
  1.0514817e+000
 -2.1195009e+000
  1.2407190e-001
 -2.2530375e+000
 -6.3730117e-002
  8.7618281e-001
  1.3413445e+000
  4.0429665e-001
 -1.0501796e+000
  3.6590036e-001
  1.8345865e+000
  1.6444315e-002
 -1.2799708e+000
 -2.1341465e+000
  1.2593214e+000
 -8.0281311e-002
  1.0932706e+000
  5.9961250e-001
 -4.6198668e-001
 -1.2178442e-001
  1.5952468e+000
  6.2933417e-001
 -1.2598974e+000
  1.5794516e+000
  9.4126996e-001
  8.4866634e-001
 -1.8166348e+000
  1.9158449e-001
  1.4948629e-001
  6.8607051e-001
  3.7579598e-001
 -2.5742773e-002
 -1.5297179e+000
  6.7494117e-001
 -9.7885400e-002
  4.2035359e-001
 -4.2731124e-002
  9.3066616e-002
 -6.4262904e-001
  1.3839796e-001
  1.3860611e-001
  3.4068000e-001
 -1.0458671e-001
 -1.3523470e+000
  1.2216074e+000
 -1.7196516e+000
  2.5604640e-001
 -1.2094505e+000
 -1.2437516e-001
 -4.4360491e-001
  1.5122985e+000
 -7.2635278e-001
  7.1764168e-001
  1.5001710e-001
  1.3504511e+000
  3.7238373e-001
  1.5994431e+000
 -1.8667788e+000
  1.3282472e-001
 -2.0687397e+000
  5.7458444e-001
 -7.6332817e-001
 -1.2367329e+000
 -5.8379438e-001
 -1.5053005e+000
  6.9222773e-001
 -1.1269858e+000
  1.4690562e+000
  1.2482018e+000
 -1.3243108e+000
 -7.5915460e-001
 -2.0125181e-001
  4.4518315e-001
  9.8299736e-001
  1.8526742e+000
  6.9482308e-002
  1.5444511e+000
 -6.9961647e-001
  5.1214635e-001
  1.4690104e+000
  1.1427019e+000
 -1.6051594e+000
  2.8943526e-001
 -9.1477788e-001
 -4.9976166e-001
 -1.2066582e+000
  5.1233420e-001
 -7.6264486e-001
 -6.3148073e-001
  5.0155806e-001
  1.9631017e+000
  1.0228078e+000
 -1.8102744e+000
  1.7425178e-001
 -2.1744473e+000
 -3.5036185e-001
  3.5378291e-001
 -2.4296031e+000
 -5.5512863e-001
 -9.0967975e-001
 -6.4711658e-001
  1.6523177e-001
 -6.7810005e-001
  1.2613411e+000
 -7.0717471e-001
  5.2919308e-001
  1.0072649e+000
 -7.3991246e-001
 -1.8456886e+000
  6.2799617e-001
 -1.0656742e+000
  6.6922461e-001
 -1.5193485e+000
  5.7279806e-001
  8.0658950e-001
  5.0657270e-001
 -9.3188432e-001
  7.3185543e-001
  1.6774108e+000
 -2.0014154e+000
  1.1556381e+000
 -5.0900240e-001
 -1.2958111e+000
 -2.0656753e+000
 -1.9291593e+000
 -1.5953486e-001
 -8.2914537e-001
  2.3040607e+000
 -1.1938483e+000
  1.0121634e+000
  1.0348244e+000
 -3.2128754e-001
  1.1494134e+000
 -8.3801133e-002
  4.1665931e-001
 -1.6957186e+000
  9.1287981e-001
 -1.0362059e-001
 -3.7967023e-001
  4.1269104e-001
 -1.8557917e-001
 -3.5802124e-001
  3.2595099e-001
 -1.0844012e+000
 -5.7934700e-001
 -4.1782963e-001
 -7.6180139e-002
  1.2446636e+000
 -1.3140986e-001
 -7.9804684e-002
  5.4372355e-001
  2.7003460e-001
  1.3106796e+000
  1.7786948e-001
 -1.2459056e-001
 -4.4611354e-001
  3.3501336e-001
  2.4962225e+000
  1.9116292e-001
 -6.2019116e-001
  4.5647520e-001
 -3.3080644e-001
 -9.2849718e-001
 -1.8726098e+000
 -6.8235763e-001
  9.8096377e-001
  1.1304980e-001
 -3.7926253e-001
 -1.2593440e+000
 -6.3454911e-001
  1.1393266e-001
  1.4241828e+000
 -4.1726315e-001
  1.1423378e-001
  2.2641825e+000
  7.6148707e-001
 -8.3133121e-001
 -7.1290518e-001
  1.1613574e-001
 -1.1966707e-001
  1.0188727e+000
  1.0107459e+000
  3.0614998e-002
  2.1977565e+000
  1.8842997e-001
  7.6808543e-001
 -8.7785588e-002
 -4.6750197e-001
 -5.5761364e-001
 -1.1641106e+000
 -8.4944883e-001
  8.3155748e-001
  1.0327607e-001
  1.1351550e-001
 -1.0097046e+000
 -4.3837111e-001
 -8.4541454e-001
 -1.0445997e+000
 -3.0023517e-002
  4.7184039e-001
  1.8927043e+000
 -4.5916787e-001
  1.8728662e+000
  2.5568651e-001
 -2.7608216e-001
 -9.9631684e-001
 -3.2295610e+000
  4.1188286e-002
  2.7252024e-001
  1.1849239e+000
 -1.2887732e-001
 -1.0348796e+000
 -8.9328014e-002
 -7.5750445e-001
 -1.2004569e+000
 -2.2472390e-001
  3.7789920e-001
 -6.9475777e-001
  4.5335908e-002
  1.3189119e-001
  1.6905417e-001
 -9.7929520e-001
 -1.0251847e+000
  1.2525049e+000
  1.8820645e+000
 -3.6267990e-001
  1.1538641e+000
 -1.2289474e-001
 -1.2892375e-002
  1.7616815e+000
 -4.3119686e-001
 -6.1804008e-001
  2.0049442e-001
 -7.2507528e-001
 -1.5027696e+000
 -1.8780672e+000
  1.5128976e+000
 -6.4529698e-001
  1.1061795e+000
  1.3541528e-001
  9.5757291e-001
  2.8710610e-001
 -7.7275596e-001
 -6.2994241e-001
  9.8952771e-001
 -3.8614733e-001
  1.8552696e+000
 -3.8523465e-001
 -3.3648388e-001
 -2.8102910e-001
 -8.2919637e-002
  4.4007969e-001
 -1.8186187e-001
  3.4186940e-001
  3.0242786e-001
  6.8230841e-001
 -5.4633441e-001
  7.6245447e-001
 -1.0603102e+000
 -1.0925728e+000
 -7.3932066e-001
 -1.7665466e+000
 -8.8712722e-002
 -9.1337182e-001
  1.2745347e+000
  1.3449635e+000
 -1.0925667e+000
  3.1316669e-001
  2.3155506e-001
  1.1351048e+000
 -9.1493670e-001
  6.8595476e-001
  5.6559937e-001
 -1.7974359e+000
  2.1787624e+000
 -1.0376542e+000
 -8.3863379e-001
  1.1054557e+000
 -1.1233996e-001
 -1.2582107e+000
 -2.3483515e-001
  6.0094981e-001
 -1.7619133e+000
  6.0794373e-001
 -1.0090315e+000
 -2.3134367e-001
 -9.7459153e-001
 -1.2249253e+000
 -8.9211047e-001
 -7.1716440e-001
  4.8756655e-001
 -1.5104662e+000
 -3.3544053e-001
  2.7796455e-002
 -2.2534227e+000
 -1.3848856e-001
 -1.9204280e+000
  1.8845266e+000
 -1.3664421e+000
 -1.4747932e+000
 -5.9852761e-001
  2.9489266e-001
  1.0349492e+000
  3.4751428e-001
  1.5742126e-002
 -5.3265930e-001
  1.9287397e+000
  1.1654206e+000
  7.7211501e-001
 -3.2987966e-002
 -6.1018524e-001
 -4.5429523e-001
 -5.0918506e-001
 -1.9016428e+000
 -8.4524285e-001
 -4.5782240e-001
 -1.2644648e-001
  5.4286374e-001
 -9.4021328e-002
  1.1065773e+000
 -3.7202559e-001
  1.2759576e+000
 -1.1021185e+000
  1.0769026e+000
  1.0792962e+000
  5.0005505e-001
 -4.5637315e-001
  2.9627548e-001
  1.0676063e+000
 -4.5095086e-001
 -9.8567144e-001
 -1.1294069e+000
 -6.2606713e-001
 -3.8230147e-001
  8.7126377e-001
 -7.0574084e-002
  2.0334764e-001
  1.1369006e+000
  6.9754496e-001
  1.3980047e+000
  2.3705814e+000
 -4.9356236e-001
 -1.2549571e-001
  9.8063140e-001
 -1.6084833e+000
 -2.7013403e-001
  7.3634238e-001
  3.3351958e-001
 -5.4490454e-001
  7.2414383e-001
 -2.1578231e+000
 -3.6941824e-001
  7.3806141e-001
 -7.1187071e-001
 -1.8250062e-001
 -2.1168066e+000
  6.8923176e-001
  2.4000367e+000
 -5.5888276e-001
  1.5500400e+000
  2.1721029e-001
 -1.1362664e+000
 -1.1612177e-001
  1.2915807e-001
 -4.5489662e-001
 -1.1064182e+000
  1.9694641e+000
 -2.3418720e+000
  2.7325835e-001
 -2.6263853e-001
 -3.5768996e-001
 -8.2665863e-002
 -2.5929714e+000
 -1.7992245e-001
  3.3514536e-001
 -1.1884874e+000
 -8.4384944e-001
 -4.5768191e-001
 -1.1045547e+000
 -3.7641105e-001
 -1.8799648e+000
  2.1946327e-001
 -4.4644827e-002
  1.1363897e+000
 -3.7183389e-001
  4.8326641e-001
  3.0530957e-001
 -1.0341164e+000
 -8.7998044e-001
  1.1911901e+000
 -9.8859652e-002
  1.9404794e-001
  1.0741240e+000
 -4.2635320e-001
  2.3944707e+000
 -2.2000113e-001
  1.1351806e+000
 -5.5548311e-001
  1.2958571e+000
  6.5792975e-001
  1.6288913e+000
  9.5215734e-001
 -2.7060632e-001
  1.5854930e+000
  2.8290211e-001
 -1.1500052e+000
 -4.7436721e-001
  9.5759925e-002
  8.6646390e-001
 -5.6925025e-001
 -1.3024278e+000
  2.3309644e+000
  7.6254397e-001
  1.2010685e+000
  1.1473542e+000
 -2.9051932e-001
 -4.1782895e-001
 -1.0367568e+000
  1.7890121e+000
 -1.8021308e+000
 -5.7959866e-001
 -1.8639030e-001
  5.4872085e-001
  1.4532991e+000
 -6.1816005e-001
 -4.7779461e-001
 -8.8726309e-001
  1.8764277e+000
  1.1325680e+000
 -6.2011021e-001
  1.1045585e+000
  1.8640157e+000
  1.4909209e+000
 -8.6483921e-001
 -1.9445544e+000
  3.4168306e-001
  5.7645453e-001
  1.3912528e+000
  2.0000885e-001
 -7.6003041e-001
  1.5137637e+000
 -6.6112995e-001
 -1.4542219e-001
 -1.3219706e+000
  2.2227160e-001
 -3.7160028e-001
 -3.9879267e-002
  1.1737302e-002
  1.3835084e-001
  2.7366606e-001
 -5.8626597e-001
 -1.6524353e+000
 -6.2382369e-003
  1.6020409e+000
  1.6689174e+000
 -2.3437998e+000
  1.0254072e-001
  1.2397293e-002
  1.6914038e+000
 -1.4295774e-001
 -1.2810320e+000
 -1.3894463e+000
 -2.7268451e-001
 -1.0151065e+000
 -2.4138204e-001
  2.7412808e-001
 -5.7038871e-001
  2.4120393e+000
  4.1566320e-003
 -3.1508811e-001
 -4.5521857e-001
 -5.0176196e-002
 -1.9467252e-001
  1.0790250e+000
 -1.0623662e+000
  7.1849018e-001
  1.0870696e+000
  1.4693809e+000
  8.7209294e-001
 -2.7012060e-001
  1.2626672e+000
  1.4135151e+000
 -6.4316640e-001
 -1.2136581e+000
  1.6202106e+000
  1.3770526e-001
 -1.6747145e-001
 -1.5351701e+000
  1.4321806e+000
  1.3771809e+000
  1.7422572e+000
 -1.7770880e+000
 -1.5039953e+000
 -8.7713703e-001
 -1.8838808e+000
 -1.2197307e+000
 -6.5229034e-001
  7.0848333e-001
 -8.4022766e-001
 -1.1968849e+000
 -2.9909923e-002
 -5.6603747e-001
 -7.7926885e-001
 -7.4330694e-001
 -6.2816628e-001
 -1.9377602e+000
  7.3739528e-001
  7.4724395e-001
  1.9780151e+000
  4.6617335e-001
  6.8081742e-002
  3.9627725e-001
  1.8428859e-001
 -1.4563064e+000
  1.0314033e+000
 -5.3395682e-001
 -4.3011368e-001
  1.4968856e+000
 -5.3196048e-001
 -4.0987881e-001
 -4.6217994e-001
  1.6168949e+000
  5.9542071e-001
 -2.1128508e-001
  4.9334528e-001
 -2.8033985e+000
 -7.9422991e-001
 -2.0059479e-001
 -1.0433755e+000
 -8.9726611e-001
 -1.9711450e+000
 -2.4240666e-001
  6.4576624e-001
  5.7386482e-001
  1.9002394e+000
 -2.3068399e-001
  2.5788032e-001
 -6.6210647e-001
  1.0078403e+000
  9.9148283e-002
  1.1442400e-001
 -3.4116265e-001
 -1.0133181e-001
 -7.3078621e-001
  9.1664849e-001
  1.6034640e+000
  1.0690895e+000
  1.0470248e+000
  6.5044808e-001
  4.0058882e-001
 -7.6489704e-001
  5.6775954e-001
 -5.2577982e-001
 -1.0803015e+000
  1.0822052e+000
 -1.9662888e+000
 -1.5248318e+000
  4.0430514e-001
 -3.4416546e-001
 -7.7109195e-001
 -8.3436756e-001
  8.3113125e-001
 -1.5469660e-001
  1.3893126e+000
 -3.6162738e-001
 -2.0801923e+000
 -2.2321996e+000
 -1.3733135e+000
 -1.6046536e-001
 -4.8289176e-001
  4.3585288e-001
 -8.7459826e-001
 -1.2657970e+000
  1.5277849e+000
 -2.8942843e-001
  6.2569502e-001
 -2.1666982e+000
  1.3918210e-001
  1.2680106e+000
 -1.8733631e-001
  1.0500165e+000
 -1.6003866e+000
 -9.2474661e-001
 -3.1759470e-001
  2.3700060e-001
  3.8024723e-001
 -4.9230797e-001
  5.9458530e-001
  6.2305304e-001
  6.5737990e-001
  5.8965435e-001
  9.1222290e-001
  2.4367283e-001
 -8.5554325e-001
 -7.1194120e-001
  2.0047921e-001
  1.1537327e+000
  2.7322203e-001
  7.4709691e-001
 -2.3988188e-001
 -3.5385685e-001
  6.6130978e-002
  2.6629412e-001
  1.4650980e+000
 -2.2098790e+000
 -5.1874617e-001
  6.8712257e-001
  2.3633403e+000
 -1.7634708e-001
 -7.0263121e-001
  3.6692745e-001
  3.4135368e-001
  1.3370237e+000
 -1.3303652e+000
 -6.5655933e-001
  1.3638986e+000
  2.1649673e+000
 -6.9004556e-002
 -1.8421322e+000
 -1.4869674e-001
  1.3863513e+000
  2.6690003e-001
 -1.4689115e+000
 -7.9597064e-001
  1.3702876e-001
 -1.5847768e+000
 -1.0779197e+000
  9.3643462e-001
 -6.2701836e-002
 -1.2375101e+000
  1.0209661e+000
 -1.4515864e+000
 -5.6041926e-001
  1.6034987e-001
  1.7065737e+000
 -1.6920697e+000
 -1.8241306e+000
 -8.6892924e-001
  2.9006963e-001
 -2.5822391e-001
 -1.1428365e+000
  3.9182552e-001
  5.9569481e-001
  2.9023864e-002
 -6.4391297e-001
 -1.1770729e-001
 -1.9703829e-001
 -5.3601901e-001
  6.9903599e-001
 -4.7676104e-001
 -9.5189743e-001
  1.3853927e+000
  1.4947353e-001
  7.0921201e-001
  6.9511962e-001
  4.4146522e-002
 -1.0980994e+000
  4.3100995e-001
 -1.1255728e+000
 -6.3835939e-001
 -9.5291469e-001
  5.4719245e-001
 -1.5928369e-001
  2.3939234e+000
 -1.2944195e+000
 -1.3153577e+000
  1.1752322e+000
  1.1829211e+000
 -1.5746473e+000
 -8.8400299e-001
 -2.5435677e-001
 -1.3956278e+000
 -1.6066750e+000
  6.2119722e-001
 -4.0235329e-001
 -8.5524059e-001
  9.0743429e-001
 -5.2112931e-003
 -3.6970085e-001
 -8.3612540e-001
 -3.2052683e-001
 -3.6814678e-001
  1.2242408e+000
  4.9803504e-002
  5.8880984e-001
 -8.6630053e-001
  3.7061211e-001
  2.4016053e-001
 -1.7581680e+000
 -7.7405495e-002
  5.2397634e-001
  1.3379693e-001
 -8.9411757e-001
  1.4912067e+000
  1.0816215e+000
 -7.9910437e-002
 -2.7539668e-001
  4.8299062e-001
  7.9238735e-001
  1.7681100e+000
 -5.4166285e-001
 -2.9540873e-001
 -1.3119975e+000
 -2.4998020e-001
 -1.2119570e+000
 -6.7309515e-001
  1.7636288e+000
  2.3036300e-001
 -2.1548674e+000
 -1.3649080e+000
  2.8611982e-001
 -5.1339571e-001
 -1.7495726e+000
  2.2992571e-001
 -2.6765797e-001
  4.1147807e-001
 -5.1412213e-001
 -9.4999573e-001
  7.9149530e-001
 -7.1278688e-002
 -1.6687509e+000
 -7.5624502e-001
 -7.1361830e-001
  2.0969292e+000
  1.3564066e+000
 -2.6568711e+000
  1.4570117e+000
  1.4958606e+000
  9.7161820e-001
 -7.4082989e-001
 -6.3778453e-001
 -1.5979174e+000
  1.0469555e+000
  2.3800439e-001
  1.5957486e+000
  1.0495512e+000
  3.3955193e-003
  8.3182344e-001
 -1.5302972e-001
 -1.0032223e+000
  5.6985869e-001
  1.6882839e+000
  5.0157358e-001
  8.1040870e-002
  4.6799670e-002
  1.4985573e+000
 -7.2148475e-001
  1.5109432e+000
  7.6678674e-001
 -1.1747566e+000
 -5.6785777e-001
 -1.5754861e+000
 -1.4093123e+000
 -2.6277642e-002
  1.8032359e+000
  4.6795254e-001
  2.2195354e-001
  1.8857103e+000
  5.8710221e-001
 -1.0458513e+000
  3.8625709e-001
  2.5584346e-001
 -5.0074586e-003
 -2.5627159e-001
 -8.4267240e-002
 -9.6532244e-003
 -7.5187283e-001
  1.0840147e-001
 -1.7217558e+000
  2.1859146e+000
  1.3645282e+000
  4.6590740e-001
 -1.1033059e+000
  1.0360181e+000
  1.4232082e-001
  2.3914228e+000
 -5.5781481e-001
  1.6698366e+000
  1.4199533e+000
  9.7029232e-002
 -6.3587421e-001
  8.9185607e-003
 -1.0931731e+000
 -1.1552246e+000
  8.9650309e-001
  2.5037985e+000
 -1.6477051e+000
  4.1983084e-001
  1.7180682e+000
 -4.2819827e-001
 -1.4499273e+000
  5.1302252e-001
 -2.1189060e+000
 -5.5418049e-001
  9.6571881e-001
  1.1211554e-001
  2.5715116e-001
 -9.0560193e-001
 -9.3029063e-001
  8.4388999e-001
  6.0355072e-001
 -3.4151329e-001
  6.5766639e-001
 -1.4020851e-001
  1.7093905e+000
  1.5545858e+000
  1.4649676e+000
  1.7724875e-001
 -3.1623825e-001
 -1.7941861e+000
 -9.5658473e-002
 -4.5327191e-001
  5.7530817e-001
  4.9190393e-001
  1.1152867e+000
  2.0627761e-004
 -1.0352033e+000
  1.3256020e+000
 -2.3511496e+000
  2.8298560e-001
 -1.5124212e+000
  3.0903126e+000
  8.4825666e-001
  7.2751185e-001
  1.9729733e-001
  1.3904323e-001
 -3.7605433e-001
 -4.4343864e-001
 -1.2616907e+000
  2.4565324e+000
 -8.7872686e-001
 -2.0379370e+000
 -5.2285198e-001
 -4.1719971e-001
  2.8556209e-001
  3.4988289e-001
 -3.2743600e-001
  6.9841573e-001
 -2.2015958e+000
 -5.7383182e-001
  3.0105094e-001
 -4.5735545e-001
 -4.4476816e-003
 -1.7915077e+000
 -7.6201936e-001
 -3.7111863e-001
 -8.2619399e-001
 -4.7709885e-001
  3.6070970e-001
  9.4557935e-002
 -7.7497556e-001
 -1.1926268e+000
 -2.1815491e-001
 -5.3934572e-001
 -1.7725663e+000
  6.6062918e-001
  1.0119737e+000
  1.3018253e-001
 -1.1556249e+000
 -3.1004602e-001
 -6.7643866e-001
  7.7470176e-001
  1.5035140e+000
  2.7660176e-001
 -7.5166225e-001
  1.3587510e-001
  1.7972371e-001
 -1.2226252e-001
 -5.9986821e-001
 -5.4900162e-001
 -4.8062992e-001
 -1.1290195e+000
 -6.4001408e-001
  1.1419563e+000
 -2.0366341e-001
  5.9252422e-001
 -1.5172896e+000
  2.1315880e-001
 -9.1218923e-001
 -9.5320240e-001
  6.7416612e-001
  1.1126954e+000
 -7.0002716e-001
 -9.5144545e-001
 -1.6643298e-001
  8.5668144e-001
  1.5042297e+000
  9.5158154e-001
  6.3722203e-001
 -3.7018677e-001
 -1.0546022e+000
  1.8565883e-001
 -2.5321677e-001
 -4.5314819e-001
 -2.3415133e+000
  1.2894109e+000
  1.7596012e-001
  6.1451963e-001
 -3.1348162e-001
 -1.5643676e+000
  5.6247312e-001
  7.5748531e-001
  2.2241894e+000
 -1.5994221e+000
  1.8181908e+000
  2.0462130e-001
 -1.1732758e-001
  1.7342476e+000
  1.1723372e+000
 -1.4855774e-001
  1.3791739e+000
  2.6232573e-001
 -1.7935341e-001
 -5.3139065e-001
  1.8720380e+000
 -2.2713622e-001
 -8.6826352e-001
 -1.8381096e+000
 -1.8826589e-001
  2.4242053e-001
  9.9604523e-001
  1.9927221e+000
  9.5530487e-001
 -5.2044770e-001
  5.4665896e-001
  8.4341961e-001
  1.3503073e+000
 -1.1863859e+000
 -3.1575775e+000
 -1.2146490e-001
  1.5853900e+000
 -8.5350003e-002
 -7.2544296e-001
  5.4774717e-001
  1.2390916e+000
  3.2203333e-001
  1.2890896e+000
 -9.8532532e-001
  1.0128519e-001
 -1.2283755e+000
  4.1690345e-002
 -5.8573240e-001
 -6.9607077e-001
 -7.1660507e-001
 -8.3464292e-001
 -2.7685503e-001
  8.8324276e-002
 -6.5668989e-001
 -5.7583520e-001
 -2.2503907e+000
  4.0015179e-001
 -1.2303702e-001
 -1.9127565e+000
 -1.6426304e+000
  1.1812735e+000
  9.6759871e-001
 -4.1378724e-001
 -2.3653797e-001
 -1.0876902e+000
 -8.2707448e-001
 -8.2660937e-001
 -1.7025073e+000
 -1.6590103e-001
 -1.2427816e+000
 -2.3317113e-001
  1.7059639e+000
 -1.7034776e-001
 -1.6862294e+000
 -2.0602613e-001
 -7.0758822e-001
  5.6501575e-001
  2.1180874e-001
 -4.4373418e-001
  6.5001402e-001
 -7.3201544e-003
  9.6103409e-001
  1.8464592e-001
  9.4242120e-001
  1.2672651e+000
  1.2403860e-001
 -2.4104694e-003
 -9.3979193e-001
 -2.9358889e-001
 -2.2304538e+000
 -4.3217372e-001
 -2.8851637e-002
  4.2982268e-002
  1.0023382e-001
 -7.6090431e-002
 -1.3094715e+000
 -3.8276958e-003
 -4.4159676e-001
  4.2573331e-001
  1.1065292e-001
  9.8231642e-002
 -6.3472188e-002
 -1.8447863e+000
  2.5428907e-001
  9.6973681e-001
  1.7864656e+000
 -5.0590673e-001
  9.5161238e-001
  3.9786544e-001
  1.2383718e+000
  1.0753386e-001
  1.0701091e-001
 -5.5635881e-001
  6.5426225e-001
  5.0447163e-001
 -2.5673071e+000
 -1.3610743e+000
 -2.1964139e-001
 -2.5120808e-001
  7.0348172e-001
  1.4568332e+000
 -7.0847452e-001
 -5.0002055e-001
  8.4850032e-001
  4.5217060e-001
  2.0457340e+000
  4.4516667e-001
 -1.1728418e+000
  1.3688152e+000
  4.7840231e-001
 -3.2191196e+000
  8.6238636e-001
  7.1531447e-001
  6.4294039e-001
  1.8097494e-001
 -7.9261529e-001
  8.4213057e-001
 -9.8098751e-001
 -1.8138769e-001
  1.3825841e+000
  1.3333521e+000
 -2.2751018e+000
  1.4956699e+000
 -5.8720099e-001
  1.5528824e+000
 -1.3411576e+000
 -1.1937545e+000
 -1.5238819e-001
  7.4148492e-001
 -1.6721239e-001
 -6.8621888e-001
 -6.2506459e-001
  1.4897492e-001
  9.6248979e-001
 -1.8508405e+000
 -8.3106531e-001
  6.2650094e-001
 -1.0066459e+000
  4.8217322e-001
  1.2019066e+000
 -8.4979162e-002
 -8.8550688e-001
  1.0118190e+000
 -1.2612322e+000
  7.6659129e-001
  1.7152254e+000
  4.9332031e-001
 -5.7262656e-001
  2.2845302e+000
 -1.2147758e+000
  2.5605670e-001
 -8.3429958e-001
 -2.3732822e-002
  3.6736852e-001
  9.5505001e-001
  3.8317282e-001
 -1.5137745e+000
 -3.3813255e-001
 -1.4273735e+000
 -7.0942631e-001
  1.4887428e-001
 -4.3962162e-001
 -4.0236848e-001
  5.9886783e-001
  9.8777612e-001
  2.8313671e-001
 -1.2492578e+000
 -9.6885074e-001
  6.6223645e-001
  1.3254614e+000
  6.3284461e-001
 -6.5060527e-001
 -7.9363316e-001
  6.0291151e-001
 -2.8426751e-002
  1.6065669e+000
 -3.3706469e-001
 -2.2027186e-001
  1.6741550e+000
  7.2285715e-001
 -2.4862756e+000
  7.1126347e-001
 -3.1239597e-001
 -1.4729407e+000
  7.4135295e-001
  1.3254661e-001
 -4.9318249e-001
  2.2768361e-001
  8.7988335e-001
 -6.0053306e-001
 -1.8091665e+000
 -6.3371576e-001
 -4.5334475e-001
  2.8404750e-001
 -7.5053397e-001
 -9.0074618e-001
  1.0679600e-001
  1.4187372e+000
  1.1593346e+000
 -1.2415309e-001
  3.3076801e-001
  9.3788103e-001
 -6.9498678e-001
 -2.2024111e-001
  1.3621315e+000
  5.2680184e-001
 -5.3174955e-001
 -4.1482362e-001
  1.1042005e+000
  1.9231031e+000
  2.3969829e-001
  5.4347595e-001
  4.9516740e-001
 -1.1965961e+000
  4.7145891e-001
 -7.0792336e-001
 -1.9810486e+000
  1.1535820e+000
 -5.2654297e-001
 -3.4103214e-001
  1.4185495e+000
  6.4349545e-002
 -2.9089514e-001
 -4.6010577e-001
  1.6476099e-001
 -2.4014562e-002
 -1.1513584e-001
  1.2137778e+000
 -9.3866890e-001
 -1.8388962e+000
  1.4798180e+000
  7.1303951e-001
 -1.8041155e+000
  7.1991533e-001
 -8.0750659e-001
  2.9339821e-001
  4.4871624e-001
 -1.0728766e+000
 -5.2287841e-001
 -1.3260728e+000
 -7.9357583e-001
 -4.1983365e-001
 -1.2862982e+000
 -4.0926773e-001
 -1.5117033e+000
  1.5938287e+000
  3.4582084e-001
  7.6296170e-001
  2.3707581e-001
 -1.6574576e+000
 -6.9785495e-001
  1.2134991e-001
 -3.0608435e+000
 -1.6717225e+000
  5.6816899e-001
 -6.1525757e-001
  1.1350136e-001
  2.0113311e+000
 -2.6571043e+000
  1.9047311e+000
 -6.9849691e-001
 -9.3549982e-001
  2.2670596e+000
  1.2295741e+000
  2.1651570e+000
 -1.7334977e-001
  3.3710151e-001
  8.6706312e-001
  7.9007263e-001
 -7.3570406e-001
 -1.0595020e-001
  1.1466301e-001
 -2.2181978e+000
 -9.9628615e-001
 -4.0679442e-001
  1.0287617e+000
  6.2401207e-001
 -1.2544742e+000
 -1.0715712e+000
 -5.6234525e-001
 -6.4299530e-001
  1.6726056e-002
  2.2117656e-001
  1.4412094e+000
  1.3253276e+000
  1.1317368e+000
  5.2401186e-001
  6.9652286e-001
 -1.3799900e+000
  3.0454009e-002
  6.3486974e-001
  1.0043387e+000
  1.0993963e+000
  4.2698324e-001
 -6.6541477e-001
 -4.7155025e-001
  1.6182157e+000
 -2.9535147e-003
  5.8965352e-001
 -3.0599392e-001
 -1.2750971e+000
  1.6650640e+000
 -5.3989832e-001
  7.7476286e-001
  8.1317366e-001
  3.7314511e-001
  1.4227898e-001
  1.5108233e+000
  5.2613232e-001
 -2.2685235e+000
 -3.4825085e-001
  3.6291456e-001
 -4.2392965e-001
 -1.1697129e+000
  6.7141811e-001
  7.7093594e-001
 -1.6549427e+000
 -1.9018987e+000
 -3.1771767e-001
 -5.4460538e-001
 -1.7971308e+000
  1.4123482e+000
  8.7634971e-001
  7.8330261e-001
  7.3230143e-001
 -2.3302831e-002
  9.7599045e-001
  2.9425530e-001
  4.3661292e-001
 -6.4018305e-001
  2.4521321e+000
  5.8931315e-001
 -5.6395887e-001
 -6.9338626e-002
  2.6962790e-001
  7.9068821e-001
  9.1536852e-001
 -3.1946891e-001
  5.9725384e-001
  8.4599988e-001
  1.5854125e+000
 -5.4347013e-001
  9.1945261e-002
  1.2996119e+000
  5.1124002e-001
 -1.0260872e-001
 -1.4869021e+000
  2.8911948e-001
  9.6034104e-001
 -5.7915541e-001
  5.5260658e-001
 -4.2037888e-001
  1.7715951e+000
  3.7487371e-001
  1.8200452e-001
 -2.1103244e-001
  3.4781316e-001
  7.0335738e-001
  2.4781796e-001
  4.4444741e-001
  7.5432049e-001
 -4.3497656e-001
 -5.5015295e-001
  2.2461500e-001
 -1.8211895e+000
  5.7715119e-001
  9.1230183e-001
 -4.3473831e-001
 -1.4917812e-001
 -1.3173990e+000
  1.1185971e+000
  4.7694192e-002
 -3.7163851e-001
  1.2132162e-001
 -1.8077735e-002
  6.5081282e-001
 -3.0081628e-001
 -7.2292512e-001
 -5.7471106e-001
  7.0430821e-001
 -1.3065998e+000
  5.9880915e-001
  2.5844459e-001
 -1.5050658e+000
 -8.2440030e-001
 -2.1853252e-001
 -4.9075648e-001
 -5.0146708e-001
  7.9659000e-001
 -6.8734487e-003
  3.0589521e-001
 -1.2903013e+000
  8.4423922e-001
 -1.1436960e+000
 -1.4939668e-001
 -1.0919769e+000
 -1.3601150e+000
 -1.4095659e+000
  4.8270432e-001
 -5.6218243e-001
 -1.4080864e+000
 -4.1307463e-001
 -9.7727586e-002
  1.5873940e+000
  2.0383175e+000
  1.1916120e+000
 -7.6086123e-001
  8.2278377e-001
  5.4887470e-001
 -1.1662395e+000
  5.7525877e-001
 -6.2743443e-001
 -4.0630654e-001
  7.0610222e-002
  6.5528749e-001
  1.2580698e+000
 -2.0101552e-001
  7.2175170e-001
  2.9326405e-001
 -6.4918157e-001
  1.2399173e+000
 -8.4578666e-001
 -6.9338797e-001
  9.5057629e-001
  3.0962961e-002
  1.0380933e+000
 -6.7601544e-001
 -1.4203689e+000
 -9.9145710e-001
 -4.2181119e-001
 -4.5503821e-001
  1.1923897e+000
  2.8923860e-001
  2.0579316e+000
 -5.9307157e-001
  1.8121272e+000
  2.7018952e-001
 -6.3284104e-001
 -9.9037689e-001
  1.7349823e+000
 -3.1007358e-001
 -2.5402009e-001
 -4.2125366e-001
 -2.2532071e-001
 -7.7491291e-001
  8.5224866e-001
 -2.9933375e-001
  1.2061319e-001
 -1.7963327e-001
 -3.8506322e-001
  2.0028381e+000
  7.4881228e-001
 -3.9038278e-001
  8.9433497e-002
  4.4802512e-001
 -1.9361371e+000
  6.9282312e-001
  3.5585621e-001
 -1.0797100e+000
  1.1996629e+000
 -5.5415621e-001
  1.5859188e-001
 -6.6188943e-001
 -1.9620290e-001
  1.1051661e+000
  8.5061615e-001
  2.1424608e-001
  7.0236217e-002
 -7.6337824e-001
 -1.4450981e+000
  4.7051897e-001
 -2.0723306e+000
  2.0781876e+000
  1.1489627e-001
  5.3820674e-001
  2.1421581e+000
  4.9126374e-001
  2.8253318e-001
 -5.4521850e-001
  7.7710903e-002
 -6.0202713e-001
  3.8081434e-001
  1.4317223e+000
 -1.9214086e+000
 -3.6408377e-001
 -1.9286771e+000
 -9.6455379e-001
 -1.9099815e-002
  3.7609638e-001
 -6.5726885e-001
 -1.0184768e+000
  1.9356784e+000
  4.3065850e-001
  8.7574917e-001
  1.4197019e+000
  1.6969021e+000
 -1.4405294e+000
  5.3268582e-001
 -1.2450216e+000
 -7.9576471e-001
 -5.6106262e-001
 -1.2377762e+000
  1.8407319e-001
 -5.0161467e-001
 -1.0506494e+000
  4.0164577e-001
 -1.2730533e+000
 -2.6002803e-001
 -1.9822669e-001
 -1.3061950e+000
 -9.5770264e-001
  1.5269310e+000
  1.3238123e-002
 -4.7105260e-001
  8.3283644e-001
  5.3634307e-001
 -8.3862180e-001
  3.5204844e-001
 -4.3173540e-001
  8.8735178e-001
 -1.9188812e+000
  1.7535856e+000
 -8.6900124e-001
 -2.1105739e+000
  7.2250347e-001
 -2.0755191e-001
 -1.3061162e+000
  7.8109401e-001
  1.3561177e+000
  7.9690963e-001
 -1.4879990e+000
  2.3791155e+000
 -8.2116888e-002
  4.3215526e-001
 -1.6870037e-001
  7.1648160e-002
 -3.8193324e-001
 -1.9155931e-002
 -1.8316728e-001
  4.6431740e-001
  8.6683007e-001
 -1.2969792e+000
  6.1777103e-001
  1.4649488e+000
  2.2356301e-001
  7.9319551e-003
 -2.0896741e-001
 -3.9646429e-001
  5.8497426e-001
  1.5884094e+000
  5.1195659e-001
  1.4723927e+000
  2.0448066e+000
  1.6006105e+000
 -1.2431841e+000
 -4.6732280e-001
  1.4681304e-001
 -6.0767767e-001
 -4.9860138e-001
  8.3589802e-001
 -8.3319873e-001
  1.0288348e+000
 -2.0149031e-001
 -5.3809970e-001
 -8.3557442e-001
 -8.9197280e-001
 -2.8994709e-001
  4.5692003e-001
  5.0924643e-001
  1.0576423e+000
  7.8027195e-001
 -7.2539679e-001
 -9.0808841e-001
 -8.4135070e-001
  6.8644262e-001
  1.1344467e+000
 -9.7043006e-001
  2.9165625e-003
  2.0270050e-001
  9.1679464e-001
  2.1210643e+000
  3.1969958e-001
 -2.9101684e-001
 -5.7111715e-001
  1.7301899e+000
 -7.9022580e-002
 -8.0513746e-001
 -3.0018320e-001
  4.5077552e-001
 -7.1709810e-001
  1.1129426e+000
 -1.2780007e+000
  3.1887749e-001
  5.3779633e-001
 -1.7133199e+000
 -1.1685140e-001
 -1.4987370e-001
 -6.3970605e-001
  6.0864958e-001
 -1.1350335e+000
 -1.6388075e-001
  1.0371520e+000
  1.5878826e+000
 -5.8475037e-001
  6.0185566e-001
 -1.6079142e-001
  1.0223144e+000
  1.8637731e-001
 -1.2329922e+000
 -6.5716515e-001
  1.0798496e+000
 -8.4939359e-001
  5.3852764e-001
 -2.2008747e+000
 -1.8296685e+000
  4.0120833e-001
  1.6709938e+000
 -2.2029645e+000
  6.4941035e-001
  1.1821409e-001
  2.6269370e-001
  4.1069987e-001
  7.3700906e-001
 -3.6304215e-001
 -8.4899545e-001
 -1.9918869e+000
  1.7703069e-002
 -5.5763413e-001
  8.4732259e-001
  9.8238295e-001
 -1.2000364e+000
  1.6593342e+000
 -8.7462868e-001
  2.4537554e-001
 -1.7021339e+000
 -6.6846427e-002
 -1.6896925e+000
 -8.1907962e-002
  4.2707363e-001
  4.2221420e-001
  1.8472227e-002
  1.9907460e-001
 -2.5758160e-001
  8.5960631e-001
 -4.8191402e-001
 -4.6458968e-001
  5.5969783e-001
  4.2237932e-001
  4.5863735e-001
 -1.3256301e+000
 -6.9233942e-001
 -7.8139372e-001
 -9.3773733e-001
 -1.8292076e+000
 -1.8212407e-001
  1.9708908e-001
 -6.0828748e-001
  1.4375971e+000
 -4.0322171e-001
 -3.0377302e-001
  8.2500072e-001
 -1.1411311e+000
 -9.8474743e-001
 -4.1761038e-001
  1.3008100e+000
  5.2004450e-001
  1.0090004e+000
 -6.9174322e-002
  3.0328042e-001
 -4.1373780e-001
 -2.8584060e+000
 -2.6692372e-001
  1.1979090e+000
  1.4246222e+000
  1.7712980e-001
  1.6145314e+000
 -5.6170591e-001
 -1.0828137e+000
 -2.3841373e-001
 -1.2887788e+000
  4.3739078e-001
  2.9767547e-001
 -3.2348267e-001
 -1.1493373e-001
 -1.0307811e+000
  8.5997170e-001
  1.3630076e+000
  1.2479312e+000
 -1.0771755e+000
 -2.4279395e-001
  7.4879960e-001
  1.3913537e+000
  4.6394981e-001
 -8.1244690e-001
  1.0708781e+000
 -1.1245374e+000
 -1.0179812e+000
  8.6049299e-002
 -5.3654189e-001
 -9.5601370e-001
 -1.5921501e-001
  1.3654492e+000
 -1.2072768e-001
  9.4713243e-002
 -1.3850681e-001
  1.5205613e+000
 -4.4832533e-001
  9.1339325e-001
 -3.3129299e-001
  2.1222108e+000
  5.3106541e-001
 -2.3708258e+000
  8.4044104e-001
 -9.3197284e-001
  9.6729207e-001
 -1.0085301e+000
  6.8631531e-001
  1.4140401e+000
  4.3876938e-001
 -6.2013424e-001
  1.8496643e-001
 -2.9196484e-001
  2.0297562e-001
 -4.9357910e-001
 -9.0207734e-001
  3.6179480e-002
  1.5942034e+000
  2.6294266e+000
  2.2480714e-001
  6.0221709e-001
  1.0256436e+000
  6.4588050e-001
  1.2903332e+000
 -1.7253126e-001
 -1.2735051e+000
  2.7395416e-001
 -1.7467381e+000
  8.0875456e-001
  3.1351973e-001
  1.4014467e+000
 -1.9488312e+000
  8.1360442e-001
 -4.5314858e-001
 -2.0716769e+000
 -1.8160758e+000
  2.5691632e+000
  3.7999487e-001
  1.1823662e+000
 -3.1362868e+000
  1.2931766e+000
  8.7039472e-001
 -1.5951938e+000
 -8.2668549e-001
 -8.9107049e-002
 -1.0649490e+000
 -5.3923064e-001
 -1.1333346e+000
  8.5564321e-001
 -6.9464652e-001
 -1.2119564e-001
 -1.2935458e+000
 -5.0913732e-001
  2.2506754e-001
  6.7498877e-001
  5.5168539e-001
 -2.3533184e-001
 -1.6649633e+000
  1.6974106e+000
 -1.3385316e+000
  4.8450725e-001
 -5.7973311e-001
 -7.8218806e-002
 -1.9857834e-003
  1.2659663e-001
  9.6566210e-001
  1.0578439e+000
  4.8388772e-002
  2.5114907e+000
 -2.8187309e-001
  3.2364759e-001
 -1.1750814e+000
  6.0359072e-001
  5.6266202e-001
 -6.9187970e-001
  3.6501977e-001
  7.9386801e-002
  3.9944699e-001
  1.7194985e+000
  6.8928018e-001
  5.0706273e-001
  5.2597514e-001
  1.2088996e-001
  1.1467648e+000
 -9.2271535e-001
 -7.9195674e-001
  1.4258252e+000
 -5.8352719e-001
  7.4161788e-001
  8.1778346e-001
 -3.6588225e-001
 -4.9134266e-001
 -6.5387442e-002
 -4.5080986e-001
 -3.4201927e-001
 -2.0507658e+000
  2.3821547e-001
 -2.3014903e-001
 -8.6836377e-001
 -9.9101183e-001
 -5.3874466e-001
  4.3096878e-001
 -2.3449966e-001
 -1.1671433e+000
 -1.3301767e-001
 -9.8733205e-001
 -5.1864336e-002
  2.0130031e+000
 -1.6133832e-001
 -7.5378433e-001
  1.2255838e-001
  9.4963654e-001
  1.0492727e+000
  9.8579633e-001
  1.4251381e-001
 -6.7383680e-001
 -1.7668689e-001
  1.2886791e+000
  4.2096977e-002
 -1.6830539e+000
  9.9940362e-001
 -1.4449993e+000
 -4.5624140e-001
  6.7078740e-001
  8.0300946e-001
 -4.4518304e-001
  1.0709004e+000
 -3.3017744e-002
 -3.2917874e-001
 -8.3769845e-001
 -9.2824271e-001
 -1.1039193e+000
 -1.2126528e-001
  2.6866800e-001
  7.1917371e-001
 -2.5434821e+000
 -8.8526744e-001
  2.1150067e+000
 -4.9591131e-002
  3.4187430e-001
  6.6028090e-001
  3.4257396e-001
 -4.9994923e-001
 -2.6270066e-001
 -6.0569781e-001
 -1.1445574e+000
  1.1107820e+000
 -1.2015468e+000
 -9.9235368e-001
  1.7930863e+000
  7.2769910e-001
 -6.4507640e-001
  1.5380942e-002
  3.4206161e-001
 -4.1394631e-001
 -5.8724579e-001
 -8.9781800e-002
  9.3291405e-001
 -5.7531170e-002
  2.1874162e+000
  3.9158179e-001
  1.1902479e+000
  1.3892625e+000
  2.1745315e+000
 -6.4150777e-001
  6.1935185e-001
 -7.5868614e-001
 -6.5325178e-001
 -1.1459036e+000
 -2.2106408e+000
 -1.0631459e-001
 -4.2800690e-001
 -1.3515495e+000
  1.0316094e+000
 -1.3588276e+000
 -6.5397316e-001
 -1.2447787e+000
 -8.8389043e-001
  9.2676616e-002
  1.9287912e+000
 -8.5797072e-001
  8.7369058e-001
  1.5331675e-001
  8.0033831e-001
 -3.5107255e-001
  1.0608792e+000
 -7.6580682e-001
 -1.8172740e+000
  1.0850524e+000
 -2.9380775e-001
  2.8570282e-001
  3.4554600e-001
  2.3918836e-001
  1.3070815e+000
 -1.4705035e-001
  1.4134200e-001
  8.8332017e-001
 -1.9335956e+000
 -2.4085736e-001
 -4.3632303e-001
  9.0329797e-001
 -9.1460843e-001
  6.7674975e-001
 -1.3382003e+000
 -2.8675663e-001
 -3.5957433e-001
 -1.6282226e+000
  2.5875830e-001
 -1.1271139e+000
 -5.6528360e-002
  5.7767843e-001
 -9.1545109e-001
 -1.8449366e-001
  7.7463050e-001
 -4.7159526e-001
 -4.4386751e-001
 -5.4506447e-001
 -1.2859318e+000
  4.8932177e-001
 -1.3523700e+000
 -1.8906946e+000
 -2.3599939e-001
  1.3066601e+000
  4.2079680e-001
 -5.4283731e-001
 -1.0116851e+000
  3.5733993e-001
 -6.1256521e-001
  5.4206310e-001
  8.2547380e-001
  1.0017517e+000
 -1.2250665e+000
  3.6530743e-001
 -1.6995454e-001
  8.0487425e-001
  1.3008744e+000
  5.9464806e-001
  6.9389727e-001
  2.0282111e+000
  6.6862728e-001
  7.8178464e-001
 -1.1494428e+000
 -1.4162666e+000
  2.7710443e-001
  6.4930655e-001
  8.4087825e-002
  4.9041917e-002
  7.8680555e-001
 -1.5020517e-001
  1.1908034e+000
 -1.1000162e+000
 -2.1164545e-001
  1.9196881e+000
 -1.2444848e+000
  2.5492054e-001
  1.7143331e+000
 -3.3241259e-001
 -2.9829445e+000
 -1.6068243e-001
 -1.3068890e+000
 -1.2435265e+000
 -1.3184251e+000
 -5.9464962e-001
  5.0791040e-001
 -1.4063912e+000
 -2.1014052e+000
  1.8650056e-002
  1.6424773e+000
  1.1310076e+000
 -7.4916227e-001
 -1.0231082e+000
  5.4021614e-001
 -1.0235073e+000
  2.2803885e+000
  9.1535468e-001
  4.0169795e-001
 -9.2980862e-001
  1.0115114e+000
 -6.6213367e-001
  1.7967486e+000
  4.2669431e-001
 -4.8620243e-001
  2.8290594e-001
 -9.1414735e-001
  1.2232012e+000
 -2.4948060e-002
  5.6562023e-002
 -4.6300341e-001
 -3.0216963e-001
 -1.1707899e+000
 -2.2784383e+000
  9.7048921e-001
  1.0387804e+000
 -5.3022263e-002
 -1.0075010e+000
 -4.2017517e-001
  1.1236623e+000
 -5.0253989e-001
  3.4536006e-001
  8.4494388e-001
 -6.9410414e-001
 -1.1225795e-001
 -1.0095069e+000
  5.4755957e-002
 -1.1947175e+000
 -1.4905494e-001
  2.9863781e-001
  2.4671685e-001
  4.9803299e-001
  9.0349293e-001
  9.9467145e-001
  8.0362207e-001
  2.0239875e+000
 -5.4427705e-001
 -2.0092758e+000
 -1.1521143e-002
 -3.9122000e-003
 -5.3433642e-001
  1.4986782e+000
 -3.8906231e-001
 -5.0315095e-001
 -1.8942528e+000
  3.9154274e-001
  7.3854742e-001
  4.3640990e-001
 -2.5002863e-001
 -3.7128439e-001
 -3.9229586e-001
 -4.3639821e-001
  3.3597080e-001
 -1.9659500e+000
 -8.3178926e-001
 -1.5128975e+000
 -3.0456072e-001
  5.3844799e-001
 -1.7267757e-002
  1.1000252e-002
 -6.4017909e-001
  7.3481793e-001
  9.4666110e-001
 -6.2265940e-001
 -6.2603293e-001
 -1.1924866e+000
  3.9193315e-001
 -7.1743356e-001
  1.7634234e-001
  1.5311393e+000
 -2.1398003e+000
 -6.6830774e-001
 -3.5556596e-001
 -5.4960465e-001
  1.9292642e+000
  1.2121081e+000
  8.2520055e-001
 -2.6875431e-001
  5.5502339e-001
 -5.9862614e-001
  3.9225430e-001
 -1.2859542e+000
  1.2804129e+000
 -3.2730130e-001
 -3.6225757e-001
 -1.9865837e+000
 -8.3110688e-001
 -1.7197907e+000
  5.7524435e-001
  5.8736843e-002
 -2.4291975e+000
 -1.3698160e+000
 -5.4818313e-001
 -6.0750186e-001
 -4.0655280e-002
 -5.6106344e-002
  2.0332269e+000
 -2.1916542e+000
 -1.5491853e+000
 -5.4347206e-001
  1.9979859e-001
  1.1098336e+000
  1.1071256e+000
 -9.2669841e-001
 -9.3734680e-001
 -1.8215464e-001
  8.9558532e-001
  6.1219088e-001
 -1.3011383e-001
 -1.8397647e-001
 -1.4723884e+000
 -3.6141561e-001
  2.7195441e+000
  1.7501193e+000
 -4.0414032e-001
  5.1082588e-001
  2.2509409e+000
  1.1323978e+000
 -1.1054974e+000
  5.1985913e-001
  6.1338890e-001
 -1.2575007e+000
 -1.2847781e+000
 -1.6932493e+000
 -6.9888268e-001
 -2.3283623e+000
 -3.6089529e-001
  5.0177158e-001
  5.4115819e-001
 -1.7177179e-002
 -1.1437248e+000
  1.2433387e+000
  1.7410056e+000
  2.0105057e+000
 -9.2359564e-001
 -1.5103624e-001
 -7.0170117e-001
  3.0640862e-002
 -2.1843532e+000
  6.8490123e-001
  1.7974740e-001
  6.5857593e-001
  1.7326788e+000
 -1.5894826e+000
 -1.8096457e-001
  3.3613801e-001
 -9.2388240e-001
  7.5169036e-001
 -2.4386410e-001
 -2.1627385e+000
 -1.7095857e-001
  1.0791280e-001
 -4.2224103e-001
  8.9255682e-001
 -5.7581513e-001
 -1.4400892e+000
 -1.3584811e-001
 -4.3136690e-001
  5.7963785e-001
 -7.3164088e-002
 -1.1223857e+000
  8.1693448e-001
 -3.9903637e-002
 -4.4854924e-002
 -4.2606713e-001
  4.3372269e-001
  5.0977342e-002
  4.2943107e-001
 -1.1993172e+000
 -1.6190832e+000
  1.0152234e+000
 -7.4128224e-001
 -2.0502311e+000
  1.6029119e+000
  1.7702826e+000
  1.2907000e+000
  1.2822357e+000
  2.4660620e-001
 -2.7243778e-001
  1.9473431e-001
 -9.8105946e-001
 -1.3546033e+000
  2.0391556e-001
  1.2529077e+000
  9.3854335e-001
  8.0504226e-001
 -1.1591930e+000
  2.2753857e-001
  2.4142265e-001
  1.1260049e+000
  2.0513800e-002
  5.4859764e-001
  4.0824664e-001
 -1.1286647e+000
 -6.6727834e-001
 -2.9081008e-001
  3.7911006e-001
  2.8768971e-002
  1.2756151e+000
 -1.4960370e+000
 -1.9944701e+000
 -2.4234343e+000
  1.7112913e+000
  5.8612068e-001
 -1.9212946e+000
 -8.6536120e-002
 -8.3751426e-001
  1.0529218e+000
  2.6413671e-001
 -1.5530041e-001
  1.2024608e+000
 -3.8439795e-001
 -6.1051804e-001
  1.8685440e-001
  2.6216658e+000
 -3.0617654e+000
  5.8262840e-001
 -3.4817269e-001
  3.3338518e-001
 -4.8673832e-001
  2.0618062e+000
  1.2502298e+000
  1.6708971e+000
 -7.4635807e-001
 -7.4302226e-001
  7.4693381e-001
  4.7624114e-001
  5.0004169e-001
  7.3577168e-001
 -8.3215610e-002
  3.1126520e-001
 -6.3381732e-001
  6.5119696e-001
  6.0081936e-001
  6.4239615e-001
 -4.0408046e-001
  1.5508414e+000
 -1.4610712e+000
  1.4387747e+000
 -1.9508566e-001
 -7.3206538e-001
  8.4154221e-001
  1.6116319e+000
 -1.8046197e+000
  1.5539163e+000
 -3.9452442e-001
  2.8532151e-001
  1.4296882e+000
 -5.9667813e-002
 -1.0163686e+000
  1.7391558e+000
  7.3496617e-001
  1.1761373e-001
  1.4013211e-001
 -1.5054690e-001
 -5.7302810e-001
  1.1076691e+000
 -5.6207809e-001
  2.9863218e-001
  3.3280121e-001
  7.7443392e-001
  2.2696161e+000
 -1.7941375e+000
  8.4034811e-001
 -2.3306303e-003
 -5.6668273e-002
 -3.7167144e-001
  3.4174382e+000
  1.1395620e+000
 -9.7340685e-001
  2.0332329e-001
  1.3461628e+000
 -2.5690947e-002
  1.3733474e+000
 -7.2243896e-001
  8.7372534e-001
 -8.6702429e-001
  5.3959712e-001
 -3.6470484e-001
  1.1141471e+000
  7.1035648e-001
  5.9536665e-001
 -1.3100415e-001
 -2.8657236e-001
 -9.9474250e-002
 -1.6119610e-001
 -6.7757279e-001
 -4.0895451e-001
 -1.1267260e+000
 -4.9299413e-001
  7.2497725e-001
 -7.0670732e-001
  5.8363682e-001
 -5.3732855e-001
  3.2065843e-001
  1.2578257e-001
  7.3300683e-001
 -1.2076955e+000
 -8.8978600e-001
  1.1406064e-001
  8.5889494e-001
 -2.6680258e-002
 -9.6027095e-001
  2.4920298e-002
  3.6760110e-001
  3.4495035e+000
 -7.2629642e-001
  5.4622346e-001
  1.0538930e+000
 -8.5823365e-001
  1.4223842e+000
  3.6157356e-001
  1.2347435e+000
 -2.8206771e-001
  1.5100566e+000
 -2.9965907e-001
  4.0482767e-001
  1.0007448e+000
  1.9596070e-001
  1.6637590e+000
  2.7982651e-001
 -3.9077072e-001
 -1.1986787e+000
  5.4005534e-001
 -1.1996144e+000
  1.3932767e+000
  7.3528269e-001
 -3.2117324e-001
 -7.4558817e-001
  2.5629644e-001
 -2.5387808e-001
  3.1058386e-002
 -2.3490266e+000
 -3.3269856e-001
  1.9488193e+000
 -1.2270867e+000
 -8.1255475e-001
  1.6348011e+000
 -1.1450777e-001
  2.2485880e+000
  8.0748017e-001
  3.2127814e-001
 -3.5859708e-001
 -5.1267258e-001
  3.0998723e-001
 -1.5385465e+000
  1.0342487e+000
  1.6754366e+000
 -1.0089071e+000
  5.8913540e-002
  7.2381879e-001
 -3.0881352e-001
 -5.3075018e-001
 -1.6853888e-001
 -4.8627622e-001
  1.0704790e+000
 -2.2026721e-001
  5.2770132e-001
 -7.7268372e-001
  4.0545856e-001
  7.5223999e-001
 -7.7945673e-002
  7.7127877e-001
  2.1529824e-002
  1.7314370e+000
 -1.1240925e+000
 -5.9996126e-001
  8.7882116e-002
 -1.3784224e+000
  2.0953549e-002
  8.6999943e-001
  2.2435025e+000
 -1.9668658e-001
  2.3810999e-001
 -5.9518045e-001
 -7.9519500e-001
  1.5031001e+000
 -9.8479121e-001
 -7.9869610e-001
 -1.1337246e+000
  5.5371210e-001
  1.2942886e+000
 -2.2674527e-001
 -1.9435500e+000
 -1.4614746e+000
 -4.2741176e-001
 -1.4893987e+000
 -2.1552019e-001
  1.4847589e+000
  2.1509744e-001
 -3.1824228e-001
  3.7466541e-001
 -6.0572247e-001
 -1.3141011e+000
  1.2508694e-001
  1.1373832e+000
 -1.6678782e-002
  1.0126937e+000
 -7.4607849e-001
 -6.3705886e-001
 -7.7071862e-001
 -7.7754678e-001
  3.6259557e-001
  6.3039293e-001
 -8.3373144e-001
  3.5680342e-001
  2.2814484e-001
  1.4625729e+000
  7.5878703e-001
 -3.5616326e-001
  2.1164619e-001
 -1.5152308e+000
 -5.7471177e-001
  2.7604549e+000
 -3.0378316e-001
 -1.1622063e+000
  2.4795022e-001
 -6.0711679e-001
  1.0226883e+000
  5.0464352e-001
  7.4128661e-001
  5.6124682e-001
 -3.3986609e-001
  1.4507665e-001
  1.5048320e+000
  2.3815756e-001
 -9.8098660e-001
 -8.7747571e-002
  1.0821020e+000
  1.3031393e+000
 -1.2519712e+000
 -1.5931079e+000
  6.8958197e-001
 -7.8533981e-001
  1.4414859e+000
  4.3685584e-001
  2.8558034e-001
 -4.0783236e-001
  2.6544934e-001
  3.1226170e-001
 -7.0455506e-002
 -7.7780166e-001
 -7.9919026e-001
  1.0556426e+000
  9.0292390e-001
 -6.5812600e-001
 -8.6504167e-002
 -1.7907368e-001
  1.2649752e+000
  1.2916651e-001
  8.3633733e-001
 -7.8013933e-001
  5.0708813e-001
  4.9494062e-002
  1.6315333e+000
  3.2341700e-001
 -2.3615826e+000
  3.6475190e-001
 -1.0044656e+000
 -4.2649532e-001
  1.9482710e+000
  5.0650348e-001
  8.7041213e-001
 -8.7553162e-001
 -1.9882381e+000
 -2.9571135e-002
 -7.0809018e-001
  9.9395369e-001
  1.3328309e+000
 -1.3367094e+000
  6.4292710e-001
  1.3010019e-002
  9.9436352e-001
 -7.4376489e-001
 -1.1964131e+000
  5.0614041e-001
  2.0074504e-001
  8.8172501e-002
  2.0179450e-001
 -6.0458158e-001
 -8.6239874e-001
 -6.8192811e-001
  6.5079656e-001
 -1.2879019e-001
  7.1408741e-001
  1.7024798e+000
 -3.0764298e-001
  1.8393975e-001
 -9.1683852e-001
 -1.6374414e+000
  9.5202029e-001
 -2.6072509e+000
 -1.5560039e+000
  7.4439617e-001
 -1.0810347e-001
 -3.0393031e-001
  4.4428634e-001
  5.3233780e-001
 -2.2171153e-001
 -8.3596604e-001
 -7.3286877e-001
  6.7574453e-001
 -7.4029573e-002
 -8.6677149e-002
 -1.4098600e-001
  9.8168431e-001
 -6.7409199e-001
  1.9275704e-001
  3.4610198e-001
  4.6309663e-001
  4.1684336e-001
  2.4844769e-001
  1.0274442e+000
  2.2047113e+000
  1.8511656e-002
 -1.4025473e+000
  9.0562829e-002
 -1.5664065e+000
 -1.3704111e+000
 -7.0022730e-001
  8.4970904e-001
  2.7248412e-001
  2.3012080e-001
 -1.0656638e+000
 -1.5695610e+000
  9.9117949e-001
  2.6054286e-001
  4.1825359e-001
  3.9182477e-001
 -6.4813993e-001
 -6.4406052e-001
  1.5039231e+000
  2.0354745e+000
 -5.5777912e-001
  9.1383018e-001
  6.2311838e-001
 -3.3182938e-001
  1.5556305e+000
  3.5632508e-001
 -3.0869360e+000
 -8.5562122e-001
  4.7330194e-001
  1.7196707e+000
  2.5628898e+000
  1.6676996e-001
 -1.4279069e-001
  1.4007775e+000
  8.8692326e-001
  1.6532342e+000
  4.4353631e-001
 -5.4863928e-001
  3.1046187e-001
  1.5278919e+000
 -2.3996764e+000
 -1.8219105e-001
  1.0128376e+000
 -4.6689361e-001
 -3.5466183e-002
 -9.2143461e-001
  2.9623180e-001
  8.7289435e-001
 -3.4077906e-001
  1.2214950e+000
  4.1312700e-001
  2.7543134e-002
 -1.6270995e+000
  7.9544792e-001
  8.6798997e-001
  4.0558334e-001
  1.9478622e+000
  2.2708323e-001
 -1.5985701e+000
 -7.0471657e-002
 -1.5252598e-001
  7.7000058e-001
  8.3939714e-001
 -1.0719006e-001
  1.0997276e+000
  1.5566668e-001
  1.5835034e+000
  1.0385864e+000
  4.0101476e-001
  8.0501168e-001
  1.0111639e+000
 -6.5253124e-001
  6.2905421e-001
  8.4044068e-001
  3.5908176e-002
 -5.5740365e-001
 -1.1640669e+000
  1.1662376e+000
 -3.5302791e-001
  2.6039980e-001
  1.4013218e-001
  1.3810035e+000
  3.8239809e-001
 -6.0092988e-001
  1.1676063e+000
 -8.0563336e-001
 -1.3600437e+000
 -3.0444116e-002
 -1.2855076e+000
 -7.0210609e-001
  4.2811654e-001
  5.6669977e-001
 -1.9901991e+000
 -2.2639028e+000
 -7.0471183e-001
 -3.2597571e-001
 -1.3099038e-002
  9.1153698e-001
  5.8646530e-001
 -1.9582512e-002
  7.8337321e-002
 -7.9067634e-001
  8.1233384e-001
  6.1088089e-001
 -2.5569079e-001
 -4.2617180e-001
  4.9069228e-001
 -2.0080429e+000
  3.7969471e-001
 -8.8568003e-002
 -8.2132541e-003
 -5.8745581e-001
 -1.4020408e+000
 -3.9312491e-001
  2.5484393e-001
  1.3457872e+000
  1.1165682e-001
  6.0774800e-001
  1.2551818e+000
 -1.8846163e+000
  9.2153009e-001
  3.0906462e-001
  2.5603832e+000
  2.9792618e-001
 -6.1842744e-001
 -6.7664745e-001
  1.3889420e+000
 -3.9966960e-001
  6.8686144e-001
  5.9314560e-001
 -4.2524936e-001
 -8.4296124e-001
  7.2498564e-001
 -1.0734432e+000
  3.1182080e-001
 -2.0328301e-001
 -1.8637202e+000
 -1.0476607e+000
  2.0127116e-001
  1.4181256e-003
 -1.0450574e+000
 -5.0287202e-001
  1.2158325e+000
  1.1176878e+000
 -2.2522061e-001
 -2.8758004e-001
  7.8889709e-002
 -4.6391769e-001
 -4.4333572e-001
  1.0908836e+000
  3.7309532e-001
  2.2791012e-001
 -1.1605068e+000
  4.6192303e-002
  5.8979018e-001
  1.5012893e-001
  1.6896609e+000
 -4.1498105e-001
  1.2293217e+000
  1.3512439e-001
  9.6001885e-001
 -1.0803884e+000
 -1.5689533e+000
  7.3026254e-001
 -3.6727874e-001
  1.0559212e-001
 -6.6266771e-001
 -4.5492368e-001
 -3.8575828e-001
  9.4831897e-001
 -1.3763747e-001
 -5.1322367e-001
  1.4861152e-001
  1.1372568e-001
 -2.6610344e-001
 -7.2326031e-001
  3.7222626e-001
  1.1472780e+000
 -2.3821448e-001
 -9.6829573e-001
  1.2680958e+000
  1.4202671e+000
  3.7559277e-001
 -7.6072117e-001
 -6.9200092e-002
  3.9312469e-001
 -7.6042585e-002
  1.2322426e+000
  7.2864449e-002
 -9.5432049e-001
 -1.9545508e+000
  2.1599897e-001
 -1.3973787e+000
  1.2775442e+000
 -9.8486091e-001
 -1.5576377e-002
 -2.5485704e-001
  1.2011093e+000
 -8.2814652e-001
  8.9924284e-001
 -6.8988714e-001
 -1.1868390e-001
 -1.1886753e+000
 -6.1841088e-002
 -2.2032028e-001
 -1.9889008e+000
  1.1605042e+000
  3.9489843e-001
 -1.3422091e+000
  7.7799059e-002
 -1.8181630e+000
 -7.9068365e-001
 -2.5741270e-001
 -2.0978587e-001
 -5.4608549e-001
  1.5778227e+000
 -7.6790048e-002
  1.5760063e+000
  1.2863725e+000
  1.6011488e-001
  8.4413194e-001
 -4.0862033e-001
 -1.0826824e+000
 -1.4841083e-001
  5.7191898e-001
  2.9679673e-001
 -8.1351026e-001
 -3.1344289e-002
  5.7267390e-002
 -1.0355070e+000
 -5.8718636e-001
 -1.6803201e+000
  5.4638589e-001
 -2.0778724e+000
  4.6776989e-001
 -9.0291300e-001
 -3.6559758e-001
  6.4384909e-001
 -1.3916211e+000
  6.5149782e-001
 -5.6016146e-001
 -1.3048820e+000
 -8.0655849e-001
 -3.3051249e-001
  1.0778276e+000
 -2.4542150e-001
  1.0405660e+000
 -2.0966874e+000
  1.4262102e+000
 -1.8232560e+000
  2.7663311e-001
  1.1440686e+000
 -1.0894806e+000
 -7.9573657e-001
  2.7138024e+000
 -9.6782559e-001
  3.5739208e-001
  6.3367566e-001
 -1.2771161e-001
 -9.8803774e-001
 -7.7888717e-001
  1.2514607e-001
 -4.6976553e-001
 -5.0993832e-001
  1.1290376e+000
  1.8962398e-002
  3.2995231e-001
  4.5321396e-001
 -1.3650228e+000
  1.0289138e+000
 -1.1110309e+000
 -7.5173612e-001
  2.1478021e+000
  8.7252064e-001
 -8.8406793e-001
 -1.4906894e+000
  1.4216177e-001
  1.2807708e+000
  1.2416224e+000
 -4.9127860e-001
  1.0806955e+000
  3.1221276e-001
 -1.7855035e-001
 -3.0674583e-001
 -1.1391370e+000
 -7.9458472e-001
 -1.0738892e+000
  1.4087309e+000
  6.4914478e-001
  1.7074650e+000
  8.8169901e-001
  6.4294428e-002
 -7.8994056e-001
 -5.4023408e-001
 -1.3795107e-001
  3.1861265e-001
 -4.6845374e-001
  1.1939528e+000
  1.8933914e+000
  8.6775866e-001
 -1.9401209e+000
 -7.2793551e-001
 -5.0232144e-001
  7.3949309e-001
  3.8998580e-001
 -5.7399252e-001
  5.9921335e-001
  1.8791386e+000
  1.2396959e+000
 -1.9592269e+000
 -7.6909293e-001
  5.7710245e-001
  1.6032963e+000
  9.3032270e-001
 -9.1881895e-001
  6.6150678e-001
 -2.2189600e-001
 -1.7686646e+000
 -5.8991852e-001
 -9.9504654e-001
 -5.9099956e-001
  1.6127794e+000
  7.0706498e-001
  7.0426916e-001
  6.3604905e-001
 -9.5957267e-001
 -3.2689214e-001
 -5.1494843e-001
 -8.3120958e-001
  1.8834778e+000
 -8.4019912e-001
 -1.1228789e+000
  7.0071845e-001
  4.6631496e-001
  8.2882575e-001
 -4.9456347e-001
  1.8909445e-002
  2.5998880e+000
  3.2929692e-001
 -5.3785939e-001
 -2.2493589e-001
  1.9842889e+000
 -8.6320407e-002
 -1.5553775e-001
  8.4711417e-001
 -4.3508119e-001
 -6.4049781e-002
  1.3909464e-001
 -9.1989801e-001
  4.9627520e-001
 -1.3565574e+000
  4.7022724e-001
  1.5819967e+000
 -8.0438666e-001
 -7.6520143e-001
  1.1941083e-001
  1.2967154e-001
  5.2251736e-001
  9.5078282e-001
  6.6089351e-001
  1.4826670e+000
  1.9998193e+000
 -9.5732807e-001
  6.2794390e-001
  3.5706320e-002
  3.4997336e-002
 -1.0735608e+000
 -3.8333882e-001
 -6.5928464e-001
  5.0349449e-003
 -1.9729744e+000
 -7.8938690e-001
  1.7297935e+000
  1.5018524e-001
 -1.2882198e+000
 -1.1039994e+000
  3.2216022e-001
  1.2066866e-001
 -1.0191792e+000
  2.1008250e-001
 -9.7046159e-001
  4.3527927e-001
 -2.1500511e+000
  1.5179074e+000
 -3.1976904e+000
 -1.2282279e+000
  2.0312922e-001
 -7.2186675e-001
  6.0827367e-001
 -2.6113467e-002
  1.8075861e+000
 -1.1417853e+000
 -4.7489103e-001
 -6.5496235e-001
  7.2621715e-002
  4.2331125e-001
  1.5144229e+000
  1.0459650e-001
 -5.6648314e-001
 -1.4136073e+000
  2.3334144e+000
  2.8047577e-001
  2.8989709e-001
  7.0277440e-001
  8.7062032e-001
  2.6089449e-001
 -3.2433152e-001
 -7.5478068e-002
  3.4833021e-001
  4.1976001e-001
  6.2400280e-001
  2.4480985e-001
  1.2539553e+000
 -1.1464722e+000
  4.6949141e-001
  3.9338987e-001
 -9.1254445e-002
  3.5472877e-001
 -1.5870801e-001
 -1.0694421e+000
 -1.5177170e+000
  2.9450040e-001
 -1.4461467e+000
  4.1839854e-001
  2.6104063e-001
  2.0103292e+000
  6.7084044e-001
  2.4186489e-001
 -1.3225633e-001
 -6.0866667e-001
  2.0770618e-001
  2.9125863e-001
 -4.1444689e-001
 -1.2299582e+000
  1.8252924e+000
 -7.5221815e-001
 -4.7434412e-001
 -1.5429000e+000
 -2.8092407e-001
 -1.1848960e-001
 -8.2797281e-001
 -5.9650543e-002
  1.1731001e+000
 -1.4862642e+000
  8.1638469e-001
 -5.6496475e-001
  1.1215007e+000
  1.0852407e-001
  2.8560583e-001
 -4.8747452e-001
 -4.6699704e-001
  5.4687216e-001
  6.1719940e-001
  7.8334542e-001
 -3.4712451e-001
 -5.9671512e-001
  9.7521510e-001
  9.7860018e-001
  1.4671155e-001
  9.0818420e-001
  1.5174360e+000
  7.8733554e-001
  7.5379363e-001
 -7.5627418e-002
 -1.2078662e+000
  1.4594260e+000
 -9.8674594e-001
 -1.3562179e-001
 -7.4748594e-001
 -5.8509368e-001
  3.1177968e-001
  1.6146479e+000
  1.9046649e+000
  1.7618141e+000
  6.3193824e-001
  2.0085352e-001
 -3.0754174e+000
 -1.1376811e+000
 -4.5507995e-001
  1.0977057e-001
 -7.4192027e-001
  8.4511172e-001
  8.9977886e-001
  8.1186242e-002
  8.8743873e-001
 -1.1568129e+000
  8.5341512e-001
 -3.2249022e-001
 -5.4672703e-001
  1.7656383e+000
 -3.8147545e-001
 -1.3590160e+000
 -1.2152065e+000
 -1.1228149e+000
  1.6166718e+000
  3.2769884e-001
  1.2780798e+000
  7.0599787e-002
 -1.8866915e+000
  7.9298214e-001
  8.3614668e-001
  5.9705141e-002
  1.5567806e+000
 -4.6807090e-001
 -1.4478716e-001
  1.1473224e+000
  4.4064541e-001
  5.0292335e-001
 -1.7250823e+000
  1.0657044e+000
  3.2748124e-001
  3.8512734e-001
 -1.3506415e-001
  7.0756049e-001
 -3.8510074e-001
  7.8482599e-001
  7.2547599e-001
 -9.7757424e-001
  4.0074858e-001
  1.0968008e+000
 -6.8480201e-001
 -8.6126340e-002
 -1.1331018e+000
  1.3449460e+000
  6.0796536e-001
 -1.1347944e-001
  5.1692658e-001
 -1.8026315e+000
  1.3351537e+000
  1.2283500e+000
 -3.5866464e-001
 -7.7246412e-001
 -3.8891438e-001
 -3.0437344e-001
  1.1522208e+000
 -3.4940278e-001
  1.4276131e+000
  6.8539456e-001
  2.3386091e+000
 -7.5346959e-001
  5.6635848e-001
  1.3603346e+000
 -1.6082780e+000
 -1.1161924e+000
  7.5169358e-001
  2.1343438e+000
  1.2008052e+000
  9.8966043e-001
  2.7593472e-001
 -1.3924204e-001
 -1.4274693e+000
  1.2947035e-001
  4.5196029e-001
 -2.4725419e+000
  1.0506386e+000
 -1.9477094e+000
  8.6192387e-002
  7.7810231e-001
  1.7685288e-001
 -2.8812119e-002
 -8.2052843e-001
  1.1427675e-001
  6.2722280e-001
 -4.5025178e-001
  9.4855201e-001
 -9.3425070e-001
  1.1548767e+000
 -1.2701057e+000
 -4.0217348e-001
 -1.0811863e-001
 -5.8909442e-001
 -4.2823556e-001
  9.9909909e-002
  4.3681110e-001
 -4.6276238e-001
  1.7819158e+000
  1.5459723e+000
  5.2690372e-001
 -7.1057806e-001
  2.5129355e-001
 -8.6356570e-001
  2.4603321e+000
 -1.4543725e+000
 -1.0307740e+000
 -2.9339666e-001
  1.1541236e+000
  1.7292100e-001
 -2.1516900e-001
 -9.3338852e-001
  1.2226543e+000
 -5.6223975e-001
  7.1825235e-001
  7.0985679e-002
 -1.8156460e-001
  5.4893279e-001
  2.3406125e-001
 -1.0304477e+000
 -4.3278288e-001
  1.1504915e+000
  4.9432311e-001
  6.6279511e-001
 -3.7159181e-001
 -2.0599066e+000
 -2.7588760e-001
 -1.8967775e+000
 -1.5451493e+000
  1.3410379e+000
 -3.3668804e-001
  1.6832534e+000
 -1.3193351e+000
  8.2861508e-001
  1.8645225e+000
 -4.4313713e-001
  1.2995492e+000
  3.8345791e-001
  1.4202472e-001
 -2.7136339e-001
 -4.6077710e-001
 -7.4452870e-002
  7.7627578e-001
  1.3485499e+000
  6.7307719e-001
 -1.6834458e+000
 -1.6317690e+000
 -2.3731253e-001
  1.7307813e+000
 -7.2327122e-001
 -1.0685487e+000
  8.0508767e-003
 -1.8715833e+000
  1.8270949e+000
 -1.0806518e+000
 -1.2623989e-001
  1.7976669e-001
 -4.4428963e-001
 -1.6866065e-001
 -1.8045258e-001
 -1.3903671e-001
  2.3365315e+000
  5.6194296e-002
 -1.9856839e+000
 -4.7873650e-001
  1.3459728e+000
  1.0411975e+000
  3.2896309e-001
 -1.0460677e+000
 -2.0040882e+000
  1.9975339e+000
 -6.2961382e-001
 -2.1419889e-001
  6.0318365e-001
  1.5937094e-001
 -4.7642975e-001
 -2.9432145e-001
 -5.4844905e-001
  8.5035920e-001
  5.8588227e-001
 -1.6076621e+000
 -4.1422307e-001
 -4.8160103e-001
  1.8606310e+000
  1.2796672e+000
 -7.4264096e-001
  1.0249966e+000
  6.4308364e-001
  2.8217197e-001
 -1.0647184e+000
 -9.7953769e-001
 -8.3620360e-001
  4.9916821e-001
  5.2929622e-001
 -8.1201959e-001
  2.7862162e+000
  6.2072145e-003
 -3.8896527e-001
  6.5752979e-001
 -4.1112785e-001
  4.9625630e-001
  1.1465810e+000
  9.2030228e-001
  3.8716119e-001
  9.6192040e-001
 -1.5694149e+000
  8.2601582e-001
  1.8822344e+000
 -3.9577178e-001
  1.6055469e+000
  2.1346038e-002
 -7.2617922e-001
  8.7820538e-001
 -1.2078124e+000
 -7.7400189e-001
  6.0579095e-002
  1.2716967e+000
  2.1253456e-001
 -5.9949208e-001
 -8.2755346e-001
  1.2201123e+000
 -2.8134374e-001
 -1.1296563e+000
  1.6274486e-001
  2.7804752e-002
 -1.1220214e+000
 -7.0172703e-001
  5.5826287e-002
  4.9591437e-001
  5.0991096e-001
  3.4973899e-001
  5.1316583e-001
 -9.5953158e-001
 -1.5743628e+000
  4.2391437e-001
 -2.6345123e+000
 -1.2560059e+000
  4.5547200e-001
  1.2477326e+000
  5.9207953e-001
 -7.8951559e-001
  3.3831830e-001
 -2.8760063e-001
 -2.7990825e-001
 -1.5610429e+000
 -1.8393400e+000
 -9.9926848e-001
 -1.3517824e+000
 -2.0345536e+000
  4.4897913e-001
 -3.6827578e-001
 -3.7482435e-001
  4.1070172e-001
  3.3961297e-001
  2.3588931e-001
  8.7964390e-001
 -7.0970080e-001
  5.7113511e-002
  4.8126939e-001
  8.5276216e-001
 -1.2135849e+000
  9.6398440e-001
  1.0017868e+000
 -9.1364752e-001
  1.2413456e+000
  3.5368311e-001
  7.7989482e-001
 -1.7995710e+000
  1.2340297e+000
  5.9183548e-001
  5.0620852e-001
  1.2975162e+000
  3.5187185e-001
 -3.8853235e-001
 -1.9705198e-001
 -6.7239143e-001
 -2.8342052e-001
  7.5398609e-001
  8.8792422e-001
  5.0941809e-001
  1.3483538e+000
  2.4453016e-001
 -1.1098418e+000
  6.3965514e-001
  7.2023282e-001
  1.0429803e+000
  9.3624052e-001
  6.3218569e-001
 -5.7187452e-002
  6.0967173e-001
  1.0774785e+000
  1.1798815e+000
  6.0491501e-002
  8.1391948e-001
 -4.2842395e-001
  1.1465849e+000
 -3.9958142e-001
 -1.0368324e+000
 -2.9745563e-001
  3.1866703e-001
 -1.0783761e+000
 -9.1421338e-001
  1.1173194e+000
 -7.5322556e-001
 -1.1675627e+000
  2.3874832e-001
 -1.5513686e+000
  8.7838749e-001
 -4.4676851e-002
 -1.5284421e-001
  1.7096599e+000
  1.5180258e+000
 -3.7560863e-001
 -2.7866257e-001
 -1.1043821e+000
  3.5834699e-001
 -1.4372435e+000
 -1.3826919e+000
 -8.2756288e-002
 -1.5499745e+000
  3.4474157e-001
 -1.1011154e+000
 -2.0375769e-001
  9.7692127e-001
 -6.3122003e-001
  1.1502497e+000
  2.7602270e-001
  2.1826151e+000
  9.0827566e-001
 -1.6610814e+000
  1.1019546e+000
  4.7633174e-001
  8.1118787e-001
 -1.2881803e+000
 -8.0740754e-001
  6.0208552e-001
 -2.1889178e+000
  1.0450134e+000
  4.9174522e-001
 -1.0131734e-001
 -1.1274966e+000
  6.0399715e-002
 -5.8781686e-002
  7.3700989e-001
 -2.9671906e+000
 -9.6848234e-002
 -1.7936362e-001
  3.2591597e+000
  1.5341972e+000
  2.4210075e+000
 -8.2490098e-001
 -1.4112520e+000
 -5.5039641e-001
 -4.6044222e-001
 -8.1654852e-001
  1.6394038e+000
  1.1942454e-001
  1.7920599e-001
 -4.8937679e-002
 -1.2622173e-001
 -5.8052001e-002
 -7.8088224e-001
  2.7787805e-001
  6.2860057e-001
  2.4920081e+000
 -5.5048929e-001
  4.0331429e-003
  7.0573416e-001
  1.0704106e+000
  1.6853705e+000
 -1.9364180e-001
 -1.3675726e+000
  2.0853330e+000
 -2.8200180e-001
 -1.1115471e+000
 -1.6381846e+000
  2.5726660e-002
 -7.3018918e-001
  1.1390879e+000
  1.5415662e+000
  6.8738000e-001
 -1.0560537e+000
 -2.1594358e-001
 -3.8737321e-001
 -2.1827242e-001
  1.8223876e-001
  3.2695479e-001
  1.6408380e+000
 -7.9084509e-002
  1.4440337e+000
 -1.1057110e+000
 -6.4293121e-001
 -4.8484935e-001
  4.1371377e-001
 -2.0528272e-001
  8.8266574e-001
  1.3830520e+000
 -1.7082931e-001
  1.4796849e-001
  3.3023527e-001
 -1.4294837e+000
  8.1780690e-001
  3.7524584e-001
  9.1020499e-001
 -3.8918795e-001
  1.1088021e+000
 -1.0856066e+000
  9.9844701e-001
  1.4683910e+000
 -1.0498010e+000
 -5.4841830e-001
 -3.9744201e-003
  6.1239624e-001
  3.0838396e-001
  9.6297363e-001
  2.9573722e-001
  1.6116951e-001
  6.2352677e-001
  1.7647628e+000
  3.8126616e-001
 -1.3912592e-001
 -1.2194048e-001
 -9.7827008e-001
  9.0386925e-001
  1.9230109e-001
  8.2451478e-001
  1.4074136e+000
  1.0149493e-001
  3.5248646e-003
  4.6659676e-001
  1.3228247e+000
  8.2180721e-003
  1.0331517e+000
 -1.7230503e-001
  8.9312819e-001
 -1.3336583e+000
  1.0804426e+000
  9.0560172e-001
  2.2698729e-001
  7.9109341e-001
  7.0972061e-001
 -1.1778146e-001
 -1.2438592e-001
  4.3914220e-001
  1.4634021e+000
  1.4822450e+000
  1.4234043e-001
 -8.3596969e-001
 -1.1446763e-002
  2.6603996e-001
  7.2563502e-001
  1.6024300e+000
 -6.1279108e-003
  8.2021499e-001
 -7.7196878e-001
  1.2872859e-001
  5.2948428e-001
  1.3385331e-001
 -2.9763930e-001
  7.8240212e-001
  6.4222376e-001
 -1.3141790e+000
  8.1514977e-001
 -8.2149189e-001
 -4.4322281e-001
 -5.2584806e-001
  3.7764898e-001
  2.0565178e+000
 -2.9202959e-001
 -4.5244869e-001
  7.5893745e-001
 -6.9349353e-003
  3.4844906e-002
  1.0924858e-001
  3.0644624e-001
 -2.5175399e-001
 -8.9122543e-003
 -3.4511471e-001
 -2.2274659e-001
  1.3734513e+000
  9.6289893e-002
 -8.6145400e-001
  7.2221090e-001
  1.2723385e+000
  1.2325482e+000
 -1.2312062e+000
 -6.9857796e-001
  9.7288797e-001
  8.1315093e-001
 -6.5571394e-001
 -1.3327500e+000
 -9.5850350e-001
  3.4174564e-001
  1.6000226e-001
  1.7379646e-001
  4.3743466e-001
 -1.4696918e-001
 -1.0071599e+000
 -4.4801381e-001
 -1.1833635e+000
 -2.7979944e+000
  9.5332342e-001
 -1.5160473e+000
 -3.4874158e-001
  1.9269435e-001
  2.9238174e-002
  1.2676546e+000
 -2.2068555e+000
  8.7727877e-001
  8.0713992e-001
 -1.6360972e+000
 -1.4556237e+000
 -7.5035065e-001
  8.6777157e-001
  3.1277089e-001
  1.3904479e+000
  1.4168408e+000
 -1.4305149e+000
  4.7854090e-001
 -8.4955992e-001
  5.0851075e-001
 -4.1340748e-001
 -5.4921932e-002
  5.0341493e-001
  2.5659823e-001
  8.3221652e-001
  8.5342364e-001
 -2.5528628e-001
  7.5838360e-001
  3.1574935e-001
 -3.8811356e-002
 -2.3677684e-001
  4.3631921e-001
 -1.1636694e+000
 -9.2847142e-002
  5.7274267e-001
 -8.1896748e-001
  2.5830734e-001
 -6.2879196e-001
 -1.6987729e-001
  2.4993434e-001
  6.9057627e-001
 -1.0843613e+000
  2.8962637e-001
  4.1770307e-002
  3.0000850e-001
 -7.2627154e-001
 -8.2347798e-001
  1.5329182e+000
  2.7737125e+000
  1.1258824e+000
  2.2988856e+000
  1.8482465e+000
 -1.4876621e+000
  7.3418655e-001
 -1.1170807e+000
 -1.5863552e+000
 -5.0505157e-001
  6.0896908e-001
  8.8510676e-001
 -2.7403760e+000
 -9.8881381e-001
  2.5326012e+000
 -3.5296936e-002
  6.6628478e-001
 -1.1339934e+000
  1.1369271e+000
  5.6924429e-001
  4.8435006e-001
 -8.2097717e-001
  1.5976791e+000
 -2.7063071e+000
 -1.6112903e-001
  1.1616299e+000
 -8.9590300e-001
 -8.4299869e-001
 -3.2586007e-001
 -2.2417206e+000
  6.5546726e-001
  3.9011986e-001
 -5.7910065e-001
 -6.5287323e-001
  2.5516751e-001
  6.0683781e-002
  6.9522954e-001
 -2.0338481e-001
 -2.1753797e+000
  1.2450619e+000
 -1.4754699e+000
 -6.9959673e-001
 -2.9553703e-001
 -2.1180066e+000
 -7.2533003e-001
 -2.2557738e+000
  1.2502127e+000
 -1.6296099e+000
  5.4581739e-001
 -4.9489469e-001
  1.9723252e-001
 -1.0164566e+000
 -5.6373428e-001
 -7.3064848e-002
  1.0261227e+000
  4.0383486e-001
  1.5914535e+000
  5.0786891e-001
 -1.4955911e+000
  1.2681914e-001
 -1.1165851e+000
  6.8635254e-001
  7.5233901e-001
  1.3482854e+000
  1.3936740e+000
 -4.0538520e-001
 -7.0249458e-001
 -3.5208036e-001
 -6.6829694e-001
 -1.0697750e+000
 -1.1383918e+000
  4.0312617e-001
  1.5880661e+000
  1.3355701e+000
 -5.2439718e-001
  1.8834601e+000
  1.7003398e+000
 -6.8111376e-001
 -2.4347368e-001
  1.5358843e+000
 -9.7997840e-002
  9.0599768e-001
 -6.4400881e-001
 -1.0657530e+000
 -2.9059319e+000
  4.4366746e-001
  7.8137634e-001
 -1.5030177e+000
  8.5536184e-001
  8.8140698e-001
  1.7778891e+000
  6.5480211e-001
 -1.3945659e+000
 -3.2591632e-001
  1.2462827e+000
 -1.4764205e+000
 -1.8623980e-002
 -7.3560607e-001
 -1.4495929e+000
  1.0348831e-001
  1.0986092e+000
 -2.1514326e+000
 -9.6226208e-001
 -8.9809427e-001
 -2.2080575e-003
  3.8477672e-001
  1.5598606e+000
 -4.4639083e-001
  1.2842572e+000
 -1.9374571e+000
  2.1657902e+000
 -9.5100727e-001
  1.5897574e+000
 -3.0023789e-001
 -4.4772556e-002
  3.1775465e-001
  1.2255721e+000
 -1.6874199e-001
  5.1783445e-001
 -3.6196109e-001
 -8.3554262e-002
 -5.1051173e-001
  4.9326953e-001
  2.5783762e-001


