2.3427260e-001
  3.9359705e-001
  4.2243097e-001
  5.4601463e-001
  5.4761447e-001
  3.5346917e-001
  4.2923269e-001
  5.0855503e-001
  5.0944000e-001
  6.6002366e-001
  6.0661633e-001
  5.8607145e-001
  6.9494298e-001
  7.3205809e-001
  7.7502984e-001
  5.9477132e-001
  6.9539405e-001
  7.2118823e-001
  7.5248908e-001
  7.3145778e-001
  7.9489925e-001
  7.4844018e-001
  8.1943838e-001
  8.8379159e-001
  7.7719625e-001
  8.0949915e-001
  9.1108424e-001
  8.3349319e-001
  8.1654563e-001
  6.9506999e-001
  8.2261389e-001
  8.7518429e-001
  8.5508450e-001
  8.9822632e-001
  7.0898090e-001
  8.3540646e-001
  9.4988740e-001
  9.0452206e-001
  8.1823043e-001
  7.7115668e-001
  7.3300777e-001
  8.4089977e-001
  7.9755049e-001
  9.3233630e-001
  9.9155239e-001
  1.2154978e+000
  1.1279958e+000
  1.1733517e+000
  1.2976517e+000
  1.1238474e+000
  1.0009896e+000
  1.0661491e+000
  1.2689220e+000
  1.3763133e+000
  1.4615162e+000
  1.4744945e+000
  1.4458254e+000
  1.2886202e+000
  1.2886810e+000
  1.3209902e+000
  1.0605261e+000
  1.1549847e+000
  9.4866395e-001
  9.4779655e-001
  1.0161288e+000
  1.0236528e+000
  1.0105351e+000
  9.1837689e-001
  9.2062079e-001
  9.7413686e-001
  9.1937032e-001
  1.0050318e+000
  9.0155643e-001
  1.0080285e+000
  8.7093768e-001
  8.2201095e-001
  8.0297898e-001
  7.3603975e-001
  6.8585579e-001
  6.8898823e-001
  7.2577945e-001
  6.7224542e-001
  8.4371455e-001
  9.8987463e-001
  1.0326663e+000
  9.5128179e-001
  9.6689833e-001
  8.7087277e-001
  1.1081972e+000
  9.5167802e-001
  8.3908385e-001
  8.0135334e-001
  9.0875217e-001
  9.1695675e-001
  8.8627028e-001
  7.8406872e-001
  8.9849347e-001
  8.3328456e-001
  8.9677695e-001
  8.9490775e-001
  8.6780221e-001
  9.1401746e-001
  9.2828341e-001
  8.1595581e-001
  7.6451797e-001
  8.7192194e-001
  9.1263503e-001
  9.6978819e-001
  9.2293112e-001
  7.0771115e-001
  6.7304528e-001
  4.7663708e-001
  3.1735577e-001
  4.4828601e-001
  4.1013435e-001
  5.7435834e-001
  4.3668125e-001
  5.1517595e-001
  6.9647643e-001
  6.4519796e-001
  7.6870090e-001
  7.9935968e-001
  8.0556855e-001
  7.7037653e-001
  7.1659505e-001
  7.0198382e-001
  7.7259156e-001
  8.9972063e-001
  9.5803114e-001
  7.8010624e-001
  6.0912829e-001
  5.7930575e-001
  7.4659082e-001
  6.6679779e-001
  5.5327494e-001
  5.4854728e-001
  3.5590348e-001
  5.3505393e-001
  4.2163821e-001
  4.0479784e-001
  4.1872653e-001
  3.7011030e-001
  3.4954313e-001
  3.2800244e-001
  3.1081875e-001
  5.4136371e-001
  5.4156950e-001
  3.3758542e-001
  2.8633591e-001
  4.1806984e-001
  5.1800889e-001
  5.4572511e-001
  4.3566108e-001
  2.3089565e-001
  4.2834008e-001
  3.6109530e-001
  3.3606446e-001
  3.9302218e-001
  4.0502905e-001
  3.5333579e-001
  3.2037028e-001
  2.6232167e-001
  3.4473438e-001
  3.9987526e-001
  2.3511029e-001
  1.9133688e-001
  1.4126341e-001
  3.2591388e-001
  4.5062146e-001
  3.7185115e-001
  4.7063230e-001
  5.3023434e-001
  5.5314920e-001
  4.4114587e-001
  3.3878064e-001
  2.5177248e-001
  2.9917157e-001
  3.4910948e-001
  2.6441642e-001
  5.4039388e-001
  5.3561066e-001
  4.9135803e-001
  5.5219743e-001
  5.0556267e-001
  5.5013267e-001
  6.5928944e-001
  7.4472678e-001
  7.7599563e-001
  8.6442771e-001
  6.9884194e-001
  7.7445511e-001
  9.5493399e-001
  9.0580747e-001
  1.0573041e+000
  1.0488657e+000
  9.6575908e-001
  1.0439220e+000
  9.1270156e-001
  8.2617436e-001
  8.2397052e-001
  9.4290048e-001
  9.5472493e-001
  8.8522848e-001
  7.9362084e-001
  9.0769587e-001
  8.7048453e-001
  7.4881406e-001
  7.5760040e-001
  7.5280488e-001
  6.3307469e-001
  5.5657124e-001
  5.5658815e-001
  6.0061371e-001
  6.4559867e-001
  6.7411658e-001
  7.1869200e-001
  6.1555192e-001
  4.5196012e-001
  4.8983196e-001
  2.2148240e-001
  9.3666990e-002
  1.3827752e-001
  2.6166801e-001
  3.1825928e-001
  2.3612513e-001
  2.6759571e-001
  2.3615969e-001
  2.0580727e-001
  4.7644907e-002
 -1.3676554e-001
 -2.3532473e-001
 -3.6814973e-001
 -5.6792359e-001
 -5.1734644e-001
 -5.4900055e-001
 -5.8099298e-001
 -5.3411288e-001
 -4.9481046e-001
 -4.6627342e-001
 -3.7364630e-001
 -4.4087991e-001
 -4.3075976e-001
 -3.7832523e-001
 -2.8926576e-001
 -4.0773159e-001
 -3.0725584e-001
 -2.0400460e-001
 -2.9332931e-001
 -1.6626145e-001
 -1.2923052e-001
 -4.9948737e-002
 -2.2940635e-001
 -1.0370932e-001
 -4.3488675e-002
  7.5670636e-003
  1.3724301e-001
  1.7105777e-001
  1.3049395e-001
  1.0948382e-001
  4.1149834e-002
  1.2396285e-002
  8.7670931e-002
  1.7558664e-001
  2.2477259e-001
  3.5736024e-001
  3.7823965e-001
  2.6347308e-001
  3.2480386e-001
  3.9357911e-001
  4.9394134e-001
  5.8262598e-001
  6.4001829e-001
  6.2789936e-001
  6.8258754e-001
  7.8350952e-001
  8.9366258e-001
  8.9077510e-001
  9.6325930e-001
  9.1078431e-001
  1.0163350e+000
  9.6621347e-001
  8.5286809e-001
  8.1459385e-001
  8.3831461e-001
  7.2209385e-001
  6.2345157e-001
  7.2894899e-001
  6.4633695e-001
  5.2311731e-001
  5.4176097e-001
  3.8120650e-001
  4.6523318e-001
  4.5611317e-001
  4.3626761e-001
  6.0287093e-001
  7.4864480e-001
  7.0359749e-001
  6.6869526e-001
  5.5157009e-001
  5.8188909e-001
  4.3234585e-001
  2.8975320e-001
  2.7858004e-001
  1.2079679e-001
  1.5406298e-001
  4.2410813e-002
  2.1610936e-002
  1.1908695e-001
  5.4774082e-002
  1.6925131e-001
  1.9516107e-001
  4.1147097e-001
  4.9818382e-001
  3.2709385e-001
  4.3401837e-001
  4.7731136e-001
  5.5365703e-001
  4.1930243e-001
  3.3436865e-001
  3.9123352e-001
  1.6842940e-001
  2.7124645e-001
  3.1770850e-001
  3.0439969e-001
  1.8860603e-001
  1.9275994e-001
  1.8495417e-001
  2.5680562e-001
 -4.2481493e-002
 -5.1741501e-002
 -6.9160448e-002
  2.5744713e-001
  4.0829237e-001
  6.4631020e-001
  5.5735700e-001
  4.1065823e-001
  3.5151201e-001
  3.0195267e-001
  2.1727829e-001
  3.7904589e-001
  3.8719788e-001
  4.0124650e-001
  3.9234027e-001
  3.7579469e-001
  3.6623155e-001
  2.8448101e-001
  3.0942400e-001
  3.6918982e-001
  6.1469873e-001
  5.5350282e-001
  5.4837110e-001
  6.1346081e-001
  7.1436725e-001
  8.7576063e-001
  8.4763884e-001
  7.0240520e-001
  9.0391444e-001
  8.6667512e-001
  7.4685366e-001
  5.7556667e-001
  5.7238367e-001
  4.9364091e-001
  6.0261329e-001
  7.5074377e-001
  8.1197433e-001
  6.9824922e-001
  6.6967237e-001
  6.2423832e-001
  5.9616870e-001
  6.0843088e-001
  6.3504205e-001
  7.9277544e-001
  7.7693923e-001
  9.1357321e-001
  7.9386638e-001
  7.2163459e-001
  6.6593331e-001
  7.0064536e-001
  6.7311063e-001
  7.5464610e-001
  8.8540483e-001
  8.5946785e-001
  8.6567003e-001
  8.9003685e-001
  7.3818811e-001
  8.1258692e-001
  8.4198564e-001
  9.2458628e-001
  8.7642162e-001
  9.7853762e-001
  8.6019158e-001
  9.5143436e-001
  1.0887591e+000
  9.7289143e-001
  9.0832069e-001
  8.9884004e-001
  9.5109127e-001
  9.7241875e-001
  1.0589919e+000
  1.0779757e+000
  1.0833129e+000
  1.1348325e+000
  1.2999604e+000
  1.3250874e+000
  1.2979240e+000
  1.2727507e+000
  1.1621962e+000
  1.2409611e+000
  1.2477816e+000
  1.3177553e+000
  1.4453191e+000
  1.4410154e+000
  1.4269577e+000
  1.4593478e+000
  1.5770368e+000
  1.5620883e+000
  1.6497825e+000
  1.6160542e+000
  1.6892065e+000
  1.5389486e+000
  1.6316034e+000
  1.7058475e+000
  1.7114878e+000
  1.7734822e+000
  1.8267195e+000
  1.7966741e+000
  1.7662688e+000
  1.7925203e+000
  1.9209353e+000
  2.0499505e+000
  2.0436850e+000
  1.9396512e+000
  1.9191100e+000
  1.9265229e+000
  1.9798212e+000
  2.1202660e+000
  2.0984505e+000
  2.1594875e+000
  2.0606958e+000
  2.0529617e+000
  2.0853805e+000
  2.0779120e+000
  2.0273690e+000
  2.0853355e+000
  2.1287045e+000
  1.9759996e+000
  2.0377545e+000
  1.9352278e+000
  1.8715532e+000
  1.8002529e+000
  1.8200153e+000
  2.0074669e+000
  1.9581893e+000
  1.8933625e+000
  1.9503226e+000
  1.9301259e+000
  1.9143091e+000
  1.9060909e+000
  1.9176746e+000
  1.8733225e+000
  1.8536980e+000
  1.8006496e+000
  1.7603684e+000
  1.8801099e+000
  1.8709378e+000
  1.7660830e+000
  1.8206432e+000
  1.9296707e+000
  2.0336288e+000
  1.8901719e+000
  1.8014124e+000
  1.8806870e+000
  1.9431952e+000
  1.8581919e+000
  1.7063350e+000
  1.5934213e+000
  1.6116616e+000
  1.6115452e+000
  1.6128094e+000
  1.6404248e+000
  1.6093236e+000
  1.4925144e+000
  1.4327879e+000
  1.3001237e+000
  1.0073230e+000
  1.0925821e+000
  9.3005155e-001
  8.8587687e-001
  8.9628754e-001
  8.9024848e-001
  1.0081115e+000
  7.7734479e-001
  8.5729922e-001
  9.2944022e-001
  7.5653610e-001
  6.0340837e-001
  5.2233922e-001
  6.0389299e-001
  6.2913115e-001
  7.6188462e-001
  8.9594986e-001
  7.4393887e-001
  7.8435358e-001
  6.9155405e-001
  7.3548958e-001
  6.8679394e-001
  6.7443381e-001
  7.1803096e-001
  7.3651047e-001
  8.1236702e-001
  8.8958571e-001
  8.5516123e-001
  9.2244798e-001
  9.4479843e-001
  9.3146931e-001
  8.9847694e-001
  9.3312409e-001
  8.0742591e-001
  7.9006693e-001
  8.3944053e-001
  7.4914938e-001
  7.6748862e-001
  6.9693453e-001
  6.7297746e-001
  6.9124112e-001
  7.5338634e-001
  6.3741635e-001
  6.6000482e-001
  6.5758180e-001
  6.8100683e-001
  6.0156961e-001
  5.1320612e-001
  6.6136588e-001
  9.3212347e-001
  1.0353905e+000
  1.2549251e+000
  1.4272005e+000
  1.2641623e+000
  1.3249393e+000
  1.1999819e+000
  1.0293465e+000
  9.6854791e-001
  1.0197593e+000
  1.0980724e+000
  8.1305410e-001
  7.0604218e-001
  9.5224188e-001
  9.3918977e-001
  9.9642635e-001
  8.7306275e-001
  9.7802483e-001
  1.0251690e+000
  1.0633523e+000
  9.7062109e-001
  1.1206828e+000
  8.3884525e-001
  8.1434389e-001
  9.2236345e-001
  8.2354951e-001
  7.3101415e-001
  6.9111800e-001
  4.6003476e-001
  5.2098114e-001
  5.5478331e-001
  4.9132541e-001
  4.2112484e-001
  4.4243034e-001
  4.4407441e-001
  5.0915662e-001
  4.8372658e-001
  2.6135134e-001
  3.8324401e-001
  2.3186458e-001
  1.5958627e-001
  1.2843670e-001
 -8.4648323e-002
 -1.5633484e-001
 -3.8034888e-001
 -2.5152411e-001
 -4.1196986e-001
 -3.5326843e-001
 -3.9922521e-001
 -3.7550971e-001
 -4.7340027e-001
 -5.2503970e-001
 -5.2709578e-001
 -4.1921256e-001
 -3.7463695e-001
 -2.1174523e-001
 -1.5884088e-001
 -3.0681158e-001
 -2.9106155e-001
 -3.9980945e-001
 -3.2717611e-001
 -2.4867044e-001
 -1.1135520e-001
  2.9125751e-002
 -1.1704027e-002
 -8.1836444e-002
 -1.1622612e-001
 -1.8189355e-001
 -2.8705211e-001
 -3.9802077e-001
 -3.5372795e-001
 -1.9138406e-001
 -5.5913213e-002
 -1.0779380e-001
  8.1630151e-002
  2.5084783e-001
  1.8022797e-001
  1.5407832e-001
  3.0612597e-001
  2.9326493e-001
  3.8093204e-001
  3.1272184e-001
  2.0301933e-001
 -8.9604061e-002
 -4.4341274e-002
  3.4239773e-002
 -1.1640440e-001
 -2.9704171e-002
  5.8733569e-002
  2.3593514e-001
  2.9905600e-001
  1.5660886e-001
  1.2245113e-001
  2.4585490e-001
  9.5754293e-002
  9.2934352e-002
  1.8444402e-002
 -1.2669933e-001
 -1.1508350e-001
 -4.0717522e-003
 -2.1917429e-001
 -3.1320876e-001
 -3.9988610e-001
 -3.9610804e-001
 -3.5366929e-001
 -1.9414654e-001
 -2.3684416e-001
 -1.0605000e-001
 -2.9873521e-001
 -7.9168837e-002
 -1.7347788e-001
 -1.2767361e-002
 -4.2663477e-002
 -4.6714098e-002
 -1.4471492e-002
  1.0823043e-001
  9.0273931e-002
  1.4115464e-001
  1.0354698e-001
  9.4156085e-002
  4.2163352e-002
  9.1068671e-002
  1.1594175e-001
  1.1973678e-001
 -3.0642983e-002
  1.1310353e-001
  4.2776281e-002
 -4.3513427e-002
 -9.1689829e-002
 -1.4443435e-001
 -2.0755162e-001
 -2.3328193e-001
 -4.2841903e-001
 -3.8851943e-001
 -5.0334718e-001
 -6.1567299e-001
 -4.7158919e-001
 -5.2513195e-001
 -4.7277188e-001
 -3.0918533e-001
 -3.9879173e-001
 -3.3903990e-001
 -3.5411285e-001
 -4.7958259e-001
 -5.2169467e-001
 -4.0193987e-001
 -2.8170084e-001
 -1.3091100e-001
 -8.4770929e-002
 -1.5141255e-001
 -2.1617378e-001
 -6.5940205e-002
 -3.2168993e-002
 -1.8133620e-001
 -3.9924865e-002
 -2.1455236e-001
 -1.8840144e-001
 -2.3560880e-001
 -1.4766569e-001
 -8.9623914e-002
 -5.2450178e-002
 -8.1390493e-003
 -5.7970077e-002
 -5.1475586e-002
 -1.3794262e-001
 -1.2920529e-001
 -4.8768362e-002
 -2.1244546e-002
 -1.5234919e-001
  1.1392240e-002
  9.7225878e-002
  1.0182519e-001
 -7.7674939e-004
  1.4091420e-002
 -4.1299257e-002
  1.4600747e-001
  5.8488299e-002
  8.1470443e-002
  2.8549081e-002
  1.2658756e-001
  1.8698486e-001
  1.2840520e-001
  1.4193558e-001
  2.4168241e-001
 -9.8157108e-002
 -1.6674014e-001
 -1.7655498e-001
 -9.7167215e-002
 -9.9424524e-002
  6.5924451e-002
 -2.1415033e-002
 -8.7214425e-002
 -6.9636618e-002
  6.5355596e-002
  1.8971731e-001
  2.3890032e-001
  1.6594569e-001
  2.2210608e-001
  1.8685859e-001
  3.4743582e-001
  2.8476844e-001
  3.3306570e-001
  4.4711743e-001
  3.7194981e-001
  4.7600992e-001
  5.5454844e-001
  5.4551030e-001
  5.8077572e-001
  7.3841922e-001
  9.2826800e-001
  1.0793995e+000
  1.1682682e+000
  1.2994850e+000
  1.3628028e+000
  1.3647277e+000
  1.2835753e+000
  1.3266518e+000
  1.0546835e+000
  8.2177856e-001
  9.1604405e-001
  8.5532074e-001
  6.8963158e-001
  7.6889000e-001
  6.6103083e-001
  6.4819511e-001
  5.4889925e-001
  4.5968127e-001
  4.0174526e-001
  3.2969663e-001
  4.0452788e-001
  5.6111140e-001
  4.0909864e-001
  4.4509742e-001
  5.3181822e-001
  7.1935516e-001
  5.7410183e-001
  6.1030983e-001
  4.7341850e-001
  4.4617845e-001
  5.1515158e-001
  4.9731730e-001
  5.4942463e-001
  5.1438766e-001
  4.5292522e-001
  5.5212640e-001
  7.6540032e-001
  7.1402461e-001
  7.1227412e-001
  5.6489487e-001
  6.2059394e-001
  5.8084111e-001
  6.0931601e-001
  5.8438970e-001
  7.7766749e-001
  9.0500393e-001
  9.2586757e-001
  9.4322560e-001
  1.0096393e+000
  8.8047748e-001
  9.0347949e-001
  8.0508888e-001
  9.0393070e-001
  1.0561711e+000
  1.0073753e+000
  1.1396040e+000
  1.0321037e+000
  9.8290256e-001
  9.0946400e-001
  7.9798937e-001
  7.8937883e-001
  8.6295504e-001
  9.1944821e-001
  9.4510854e-001
  9.5502266e-001
  8.5028990e-001
  7.7309767e-001
  8.1029641e-001
  6.0947129e-001
  6.0645036e-001
  7.0734153e-001
  6.8651777e-001
  5.6131677e-001
  4.9783621e-001
  5.7628962e-001
  5.4468677e-001
  4.5627840e-001
  4.9104045e-001
  4.3951819e-001
  5.1252491e-001
  3.8202102e-001
  2.9237959e-001
  2.4627591e-001
  2.0595131e-001
  7.7816481e-002
  1.0498898e-002
 -1.8835128e-001
 -1.0824072e-001
 -9.3378020e-002
 -1.8225076e-001
 -2.3718100e-001
 -3.6735209e-001
 -4.1288300e-001
 -3.0577467e-001
 -3.9818219e-001
 -4.0505181e-001
 -3.1876921e-001
 -2.1243099e-001
 -2.3772116e-001
 -2.2803595e-001
 -1.6329056e-001
 -1.9073221e-001
 -3.5325510e-001
 -3.3984171e-001
 -2.9523462e-001
 -2.5000760e-001
 -2.2181073e-001
 -1.2145457e-001
 -1.0251987e-001
 -1.2416303e-001
 -6.4152948e-002
  2.5934752e-002
  2.0373320e-002
  5.2390369e-002
  2.4741957e-001
  1.9404827e-001
  2.3410978e-001
  1.7954401e-001
  1.8161113e-001
  2.6660375e-001
  2.1501233e-001
  3.2364647e-001
  3.1446580e-001
  4.7498855e-001
  3.6073680e-001
  3.9753661e-001
  5.4431591e-001
  5.0353279e-001
  4.7191092e-001
  3.6958788e-001
  1.2348341e-001
  1.0878524e-001
  2.7933540e-001
  3.4373461e-001
  2.2624372e-001
  2.7144738e-001
  2.9331443e-001
  2.6778562e-001
  2.5872433e-001
  2.7815880e-001
  3.2226483e-001
  3.6463145e-001
  3.8799167e-001
  3.8577199e-001
  2.8006331e-001
  3.1651791e-001
  2.5336192e-001
  2.9584021e-001
  3.8307643e-001
  3.0482896e-001
  1.2503261e-001
  9.2182947e-002
  6.6339182e-002
  2.0411941e-001
  1.3695647e-001
  1.5306885e-001
  1.8811515e-001
  2.4735080e-001
  4.4746821e-001
  5.8657073e-001
  5.4063377e-001
  3.5896216e-001
  1.6253721e-001
  1.4921755e-001
  1.1896481e-001
 -1.9076622e-003
 -3.9615615e-002
  1.1757057e-001
  2.3465812e-002
  8.3969164e-002
  3.9385464e-002
  1.7797049e-001
  2.0691055e-001
  1.2323740e-001
  1.9895687e-002
  4.1230387e-002
  6.9745464e-002
 -4.0333538e-002
 -1.6867836e-001
 -2.0405057e-001
 -2.0434561e-001
 -1.8901869e-001
 -2.8923670e-001
 -4.4125196e-001
 -5.4609345e-001
 -7.3732357e-001
 -7.8691347e-001
 -7.3736314e-001
 -6.9037119e-001
 -7.4835039e-001
 -8.9612696e-001
 -9.6844574e-001
 -9.4659642e-001
 -1.0661597e+000
 -1.1190503e+000
 -1.1799321e+000
 -1.0436434e+000
 -1.0382750e+000
 -1.2938671e+000
 -1.5195479e+000
 -1.6333553e+000
 -1.6725929e+000
 -1.7962291e+000
 -1.7767420e+000
 -1.8253285e+000
 -1.7034681e+000
 -1.7583652e+000
 -1.6674081e+000
 -1.6872019e+000
 -1.5701648e+000
 -1.6426859e+000
 -1.6533331e+000
 -1.7470429e+000
 -1.5127675e+000
 -1.5835852e+000
 -1.5421222e+000
 -1.5632544e+000
 -1.5766444e+000
 -1.3595284e+000
 -1.1415571e+000
 -1.1062489e+000
 -1.1058107e+000
 -1.1448513e+000
 -1.2712280e+000
 -1.2003924e+000
 -1.1202480e+000
 -1.0964338e+000
 -9.3346611e-001
 -9.1518761e-001
 -9.2561220e-001
 -8.8004584e-001
 -8.1185561e-001
 -8.6614483e-001
 -7.6611275e-001
 -7.3089604e-001
 -7.1616911e-001
 -6.9336820e-001
 -7.3270518e-001
 -6.7110043e-001
 -7.6060206e-001
 -7.3047557e-001
 -6.6138555e-001
 -5.6814591e-001
 -5.3348710e-001
 -4.8309142e-001
 -4.3912859e-001
 -4.3040716e-001
 -5.1942959e-001
 -4.2976762e-001
 -6.0354477e-001
 -5.9588945e-001
 -5.1832724e-001
 -3.6874969e-001
 -3.4760151e-001
 -3.2873951e-001
 -2.2068186e-001
 -2.3853794e-001
 -3.1272631e-001
 -2.7923974e-001


